"X0","X1","X2","X3"
8.4573207632199898e-01,-2.3266037549922292e-02,-7.9428334654681937e-02,6.7978513233983073e-01
2.8690033606861393e-01,-4.4519790728017372e-01,9.5621020284243248e-03,-7.9911664297664331e-01
2.1569218794258451e+00,2.8673927741292699e-01,-6.0117370982591445e-01,-4.8801662076949470e-01
1.7662003524732289e-01,-1.4471279336312665e-01,-1.5972190796426320e+00,-7.5602485230953431e-01
1.9993081479363486e+00,3.7223516121369665e-01,-7.6822354153236139e-01,-3.7814723794144567e-01
1.7178010219399333e+00,4.4730255686602421e-01,4.2888047415394015e-01,-5.7122751129814364e-01
-1.8030725440218651e-01,3.1867876790901759e+00,-2.6031319709485029e-01,-1.8056807675707429e+00
8.2480185321313126e-01,-2.5694605241397955e-01,-1.0225168791867038e-01,4.6103301914737643e-01
-7.1182731409873412e-01,4.5487802261731403e-01,-1.2528881534523575e+00,-7.8839503275469158e-01
-1.4315612865131300e+00,1.0459627017202635e+00,5.4762512948387854e-01,8.3892829513655676e-03
2.0768999352728726e-01,7.9907675775434384e-01,-1.1294731478135429e+00,7.5897966437942599e-01
-6.0793737453238439e-01,-2.0341440523487173e+00,1.0293102657318898e+00,1.3311234869726691e+00
-2.4930517627736534e-01,1.3829954614033162e+00,5.5420152733354389e-01,1.1285374995215742e+00
-1.6281933939037874e+00,-1.2723005755617320e+00,3.9368619398725579e-01,5.5954126822892844e-02
1.5811384702675424e+00,-2.5053443543397569e-01,2.7052482915942252e-02,1.6801160698838982e+00
-1.4365236662895600e+00,8.0286539742943108e-01,-1.3814199228399779e+00,6.5038052118680056e-01
3.4317625330167900e-01,9.7182346068556547e-01,5.4155521801382911e-01,5.5900706367739506e-01
1.0527733668624411e+00,3.6073337193276045e-01,9.3597053446508871e-02,-1.2526605127654133e+00
1.4552626414154064e+00,7.8943872295980499e-01,1.6974417172036218e+00,-1.5545294093495610e+00
-7.7857564847808791e-01,-9.1503659509604462e-01,3.4430977616563357e-01,4.9605109488480248e-01
5.3038520602600303e-01,6.0849324611325750e-01,1.1448564905417427e+00,-6.1726222581902235e-01
7.7198332814554294e-02,4.0739551026400184e-01,1.1359001831349438e+00,-1.2147241363295962e+00
-1.7181295589513013e+00,2.0078611539421196e+00,-7.3327122813281176e-01,5.8487407552147164e-01
2.3781707004822206e+00,2.3356733006630743e+00,-1.3952806669583091e+00,-7.1208328864738557e-01
5.3218840412898283e-01,1.4244341795435069e+00,-3.6009602146173786e-01,5.6313876882203528e-01
1.6662929679396095e+00,2.1161086190279268e+00,-7.2783759654579894e-01,1.4965104253162103e+00
-1.1392027624632890e+00,1.8367444715177546e+00,2.4828082472031325e+00,-1.5173858911668843e+00
-6.7078211006218547e-01,6.8168644940767864e-01,-7.6552630690869783e-01,1.6393245691499728e-01
1.3180665284657700e+00,1.6533711947675056e+00,4.7315944086006756e-01,8.2495047623171969e-01
-6.8056614649993241e-01,-6.2981289852915667e-01,2.7307027669289909e-02,-9.9493658889402758e-02
2.6718554248122794e-01,-1.0469340473802184e+00,9.7895834969698767e-02,1.4832000530829884e-01
-2.1621851333789752e-01,-5.1268880449472566e-02,-1.4120507444602981e+00,-3.6511885938892452e-01
5.9898158835544135e-01,-1.7310829145031270e-01,-9.8631353666653354e-01,4.9095777238307969e-01
-5.1816854427530679e-01,-8.5810416116561394e-01,5.7036441378757186e-01,-3.6507631080306868e-01
1.6750786799313715e+00,-1.1486605648660426e+00,-9.4541073435252065e-01,8.0844491411225672e-01
-3.9617854342653919e-01,-1.5440175268200735e+00,-1.1010859758747713e+00,2.1190386641904349e+00
-8.6768071285427129e-02,-1.1086653882418334e+00,-4.1317928796080400e-01,7.0553362955693133e-01
9.7534251451516596e-01,-5.3588683034289386e-01,-3.9593132802834280e-01,-4.7813920495124629e-01
3.9885836630040077e-02,1.3516603267063254e-01,7.2944806417782593e-01,-1.6098857082324336e+00
4.2290634655638537e-01,-6.8899821490623980e-01,-8.2423293250287924e-02,1.5465073188721292e+00
-1.7228481822234034e+00,-6.9990582424952086e-01,1.1948296776376846e+00,-1.4626730077501942e+00
-2.4351806274437032e-01,-1.9477855199720312e-01,-3.7129069644969137e-01,-3.2762429872642135e-01
2.5013782861617578e-01,9.0385180042455726e-01,1.3055439886093516e+00,6.0207361372860768e-01
2.1276028183416265e-01,-3.9128418652509606e-01,1.3779247843540414e+00,-3.3529770403930692e-01
-5.6113490128070653e-01,-9.4332506171081942e-01,1.5121363918517825e+00,-9.2136948372038208e-01
-1.6856116203776639e+00,-1.5639421735248540e+00,4.4255270448292366e-01,1.5377678251785818e+00
-1.4395987548049425e+00,9.0883213889741721e-01,-1.2954839615764568e+00,1.9001291673879712e+00
2.4952661118017175e-01,-1.0953026340626004e+00,-8.9292639910630334e-01,-1.0339920670700936e-01
-5.4368614941162363e-01,1.2128614661015018e+00,-5.9904117111214364e-02,5.1715425586210462e-01
-1.4842983491802872e+00,-2.9033256486997849e-01,5.5690724490362764e-01,1.7667225224765770e-02
9.2825049502670343e-02,-5.2076117134429500e-01,-7.3876740454626832e-01,1.3842503025999702e+00
-8.3330618990240202e-01,-3.2302819895548923e-02,6.0450545478138973e-01,-1.1100688572603716e+00
-4.7491003166868095e-01,-1.5010235529599836e+00,-1.7171160208711581e-01,-1.8384723992100929e+00
8.9180263765869860e-01,-7.8983496252271923e-01,-1.1889313844191716e+00,7.5519524469529054e-01
6.6701181016304123e-01,3.8313587993745857e-01,5.3427030411833987e-01,3.2211901181903624e-01
2.6449704821990455e-01,-1.0867100329298776e+00,-6.2063230680288561e-01,3.9681338743641537e-01
-4.5051787006238253e-01,5.2151787875999417e-02,9.3442374318796173e-01,-1.1547403044300641e+00
-2.3023843606415348e-01,8.3126197189380835e-01,-9.9680597025235529e-01,1.2842310471278304e+00
1.7041288295243440e+00,1.6470442991026473e+00,-6.5204578326533136e-01,1.1311435592196718e-01
-9.7585230175770010e-01,5.4039240787981413e-01,7.5323962443080139e-01,-7.5012865264172990e-01
2.7451926363479844e+00,1.6704495421416472e+00,1.9288775613931941e+00,-2.8980195257691216e-01
-6.4229133723095563e-02,-5.4019871200520220e-01,2.2198979794999327e+00,-1.4474192142936397e+00
-7.9287967646982882e-01,-1.5222192154254259e+00,-1.4853642826127422e-01,1.4260545844643402e+00
1.1137879671968705e+00,-5.4038081274051009e-01,-1.3547914609194855e+00,1.5753605674978166e+00
-1.9574487594132053e-01,4.9214894414303889e-01,2.7482831592001417e-01,1.2431837482654642e+00
-9.4918623414922809e-01,4.7904940937216373e-01,-1.6611971467965521e+00,-8.7662321636214735e-02
-7.0792090349178705e-01,7.0080638921748128e-01,3.8999842165450155e-01,6.0694548588668640e-01
1.1586786206585167e+00,1.6634552958213170e-01,-7.3787093117721292e-01,-1.0722545290666892e+00
-5.5679887749025825e-01,9.4300698992744114e-01,-6.1850773062178888e-01,4.3911826777207241e-01
-1.8825256227418704e-02,-1.2221915861156055e-01,-1.5863643152891840e-01,-2.0605074661989389e-01
1.9883889943037665e+00,6.7613304897225546e-01,-3.7454819590460797e-01,-2.4709625437769883e-01
-2.9798087639942183e-01,7.0319116164226314e-02,2.3201925014479249e-01,-1.9505044034390084e-01
-1.2259474311416216e+00,-1.3099121299206504e+00,5.1243569725092131e-01,-1.2459278245945185e+00
4.9861619264052620e-01,-1.5715413455980822e+00,-1.5036845461365049e+00,1.0009479582998065e-01
2.6718378094186396e-01,-4.0144166419535898e-01,4.4291699704934001e-01,8.7646756048399554e-02
-4.3018937142554553e-01,1.5348369244704396e+00,1.9484634778809442e+00,-8.4504598362819672e-01
-1.2370952800482673e+00,-1.8537754384111103e+00,-1.2453520161016529e+00,5.2696456088429300e-01
8.9569661695088398e-01,2.0685787843368017e-01,-5.3991336109185240e-01,1.3410419329411347e+00
1.3491947370335791e-01,8.0162243544883016e-01,-3.3947408227562986e-01,1.6390063960204828e+00
-9.7556834156927308e-01,-1.5162612705169245e+00,-1.1580035397591361e-01,-5.5516055085349625e-01
1.6716062407318272e-01,-2.8422619438245839e-01,-2.4988237198402521e-01,-2.9296920228736005e+00
-4.5739421490535187e-01,-1.5618728167666110e-01,1.0961747919715701e+00,2.6853948035414148e+00
2.1881161402645738e-01,7.4257403311603565e-01,3.3448884762641945e-01,-6.8124903941196036e-01
6.6439975149454333e-01,1.6670858337360162e-01,-5.7855082682913395e-01,-2.4278515131008543e-01
5.2045266175035587e-01,4.2596695712128696e-01,1.2741868108576588e+00,8.0382678990222722e-02
-9.4849696223404528e-02,-3.6566162665603519e-01,-1.3741500902115988e+00,-1.9404008516124203e+00
-5.4591879234402207e-01,3.7277910865078900e-01,-6.3590820446664753e-01,1.6133434566728626e+00
5.6758120768978748e-01,-2.9450417992141953e-01,-1.5486877516108792e+00,-1.5960795498060198e+00
-8.0811519227596973e-01,-1.0334161569125306e+00,-1.7351346374833007e-01,5.8273805836538251e-01
-6.2992584908478177e-01,-5.0537891772130761e-01,1.4180132009632107e+00,-1.4021142625953815e+00
-1.7209506711908753e+00,-1.1130650264811601e+00,-1.2249817792425981e+00,-3.6534443752472900e-01
-1.3066984015727379e+00,-1.5135453321844650e+00,-8.7134832954518726e-01,8.0651238084991683e-01
-3.8608620410682315e-01,1.1062878554944349e+00,-1.4453390616668125e+00,-7.2930106087896496e-01
-8.7284372131883137e-01,-3.5831554682025490e-01,7.7542183541491214e-02,3.7064724340141747e-01
1.6696078244860041e-01,-1.4109622306253156e+00,5.7654770425870960e-01,1.4507136952425773e-01
-4.0378514108159271e-02,-9.5085017743757314e-02,-4.7708863248778838e-01,3.2106482369623476e-02
-1.3522241544865414e+00,3.7040248200430292e-01,5.8126836235023593e-01,-3.4401664450198797e+00
8.8335420632753503e-01,-1.0676127287356163e+00,6.2988328820140227e-01,2.3757790083296029e-01
2.3892301027240378e-02,-1.7727183722233015e+00,-2.3430225033504357e-01,8.8681907690945150e-01
-2.4226645150010614e-01,-1.1817908998712010e+00,4.3357806617786016e-01,1.6887423934859647e-02
-5.8606830454732028e-01,-7.6142100155828807e-01,-2.6219372917419831e-01,-3.4868621302462030e-02
-1.1728679985992632e+00,-7.1582088662428478e-01,-1.0705399350146578e+00,5.1248324328512562e-01
2.3762151406935247e-01,2.4574476185263228e-01,-8.3364959478496437e-01,-6.5893221944607605e-01
-4.0979247653199857e-01,1.1847474865147216e+00,-2.6510913785943302e-01,4.7507423258230780e-01
4.0651982766400407e-01,1.2822282623129806e+00,-2.9737231021478416e-01,5.5524540572439240e-01
3.0579242007228002e-01,-3.2449579235131948e-01,-1.3281228556488835e+00,1.8480312894883236e-01
-2.4650250811681405e+00,-1.7631100630302767e+00,7.0719527537542071e-01,1.3259281886069347e+00
-1.5593206870406620e-01,-1.6295457621305567e-01,-7.9160098179390626e-01,-4.8428386481676933e-01
2.7374136036205571e-01,4.3931734290328556e-01,-2.0603025014947378e+00,1.4118747904098059e+00
-2.5664491752436036e-01,-1.4988684084601824e+00,3.5837750178125218e-02,-1.4850569950544881e+00
1.4205361356476573e+00,-5.6752754651818971e-01,1.3964156111499670e-01,2.0235036649263298e+00
5.4773884260287098e-01,9.6435614448139040e-01,7.6762283227462524e-01,4.1551581183770836e-02
-3.8397761292910676e-01,-1.3923554133646307e-01,-5.5238800413819666e-01,1.9378762359035189e+00
-2.4610385695786080e-01,-1.5645811803693164e+00,-3.8376878436381590e-01,-5.2392001266852106e-01
2.4660951800549036e-01,2.1553498322208613e+00,1.1897850357602158e+00,-1.6784614088978783e-01
1.2598103463254855e+00,3.9604986901553163e-01,-9.1933389234422369e-01,4.7210185784545772e-01
1.5436268914108417e-01,4.0686730535554555e-01,-1.7648808746604738e+00,8.8728264309255844e-02
8.2315155295149023e-01,1.9264179470387430e-01,-6.6015298721300031e-01,1.3225042016986996e+00
-2.4973172349953582e-01,-1.0835467966712116e+00,4.2847851704268869e-01,-2.0044641078112094e-01
-6.5945400074127247e-01,1.4724101671444911e-01,-2.1158228605202370e-01,2.9664843176014206e-02
3.1734528581228515e-02,-2.4797213152065317e-01,1.5258235836602323e+00,-1.9785526770901551e-01
-5.4431102989716797e-02,-6.9294288321102349e-01,-1.0236897198749964e+00,1.9687096317873132e+00
8.7531468473018275e-03,5.2166458714416253e-01,5.2235393405896918e-02,-9.5989162314477339e-01
1.3301980166979464e+00,1.1748869948475149e+00,4.5425916024274121e-01,-5.8330415121762236e-01
1.1450249520074156e+00,6.0692628234854051e-01,-3.4361215939716994e-01,1.4700209505554227e+00
-2.7001231615330519e+00,-2.0099842199687246e-01,-3.7601167258279367e-01,1.3593412657724908e+00
-5.1219197498630675e-01,9.5121915443445348e-01,-5.3091812310123077e-01,-1.5847291211751722e+00
