"X0","X1","X2","X3"
-1.0307938809403944e-01,-7.6048106823376516e-01,-3.6983456605110798e-01,-8.5429076175138019e-01
5.3038520602600303e-01,6.0849324611325750e-01,1.1448564905417427e+00,-6.1726222581902235e-01
-2.7644215069049740e+00,-1.1782528732886084e+00,6.6621177493246109e-01,-1.0279599626718872e+00
1.4253017736305343e-01,-5.6357990139981218e-01,1.9907765296349683e-01,-1.1702792123194707e+00
-1.2361156247694591e+00,-1.7726056714260743e+00,-2.0101486466571217e+00,6.6413658199075942e-01
5.0638356524196004e-01,-5.0717285281213798e-01,-7.8902391664096938e-01,-5.8433274424636389e-02
1.0787649421292003e+00,2.2741742881759208e-01,-3.9211662381683476e-01,-1.7019766755304342e+00
-2.7073847141663548e-01,2.3282346619667185e+00,1.7435283664808754e+00,-6.4870860624355020e-01
1.1901101676060375e+00,-9.1074581580119496e-01,5.0508566867126714e-01,-2.8330000731032146e-01
1.6625648576110235e+00,1.1763660898307110e-01,-8.9790709835268623e-01,-5.2477380874539836e-01
-9.8476979002038867e-01,-2.9132149926187595e-01,3.1187360988609958e-01,-1.1713082612853321e-01
3.1215609810721451e-01,9.8244443115795665e-02,3.9333560351185876e-01,4.1962110417994747e-02
3.2742605719342815e-01,1.9396518039724333e+00,1.6665636019723518e+00,-7.4621379338185778e-01
-4.3018937142554553e-01,1.5348369244704396e+00,1.9484634778809442e+00,-8.4504598362819672e-01
5.7159352453158085e-01,1.1312536928401194e-01,1.5811506631368255e+00,-4.0308879994617047e-01
-1.3567550135817044e+00,-2.7363774647964796e+00,1.1194265152116869e+00,-4.9056916538955586e-01
1.4261073546020413e+00,1.2290963771533803e+00,3.0091365279909205e-01,1.4552018573246579e+00
5.7229160141754409e-01,2.6787873326000727e-01,3.9756769443147977e-01,-1.2493571929285099e+00
3.4472273588653862e-01,-1.6339424216670209e+00,5.4891332395822379e-01,-6.2303353601080536e-01
-1.0724057281758526e+00,-1.7949492229597563e+00,1.5339936640600009e+00,-1.9943307674449997e+00
7.8829672471150303e-01,5.6920374565221699e-01,1.1053944519670862e+00,-5.5330928502685706e-01
-1.0098621812679877e-01,5.7628444312446592e-01,-1.8655999805991266e+00,-4.6546301472691076e-01
-4.0722138985392335e-02,2.8870939312154825e-01,-3.4485780684205236e-01,1.1164704030963353e+00
-8.7894125576096449e-01,-6.9916639545408155e-01,-9.5602259899718406e-02,-1.2308681747855015e+00
2.8046963638885780e-01,-7.9340952325653258e-01,4.0496388383974435e-01,-7.5843767724544409e-01
-2.8773530557451715e-01,5.0906087103684483e-01,-9.4333298731060902e-02,-1.0732039699246174e+00
1.6793737942496259e-01,-4.5946218273051197e-02,-8.1553368143914862e-01,8.1063603080673852e-01
1.3231591588631979e+00,5.4908278810522004e-01,2.4981149217942208e-01,-1.5085285815917564e+00
9.5302608292679516e-02,-5.2017325843229156e-01,-1.2882210341715892e+00,-9.9575829751771883e-01
1.4605484088589837e+00,4.6660372566989988e-01,1.8096144390642896e-01,-1.9811971426813395e+00
1.9640536153851245e+00,-3.7017732881132559e-01,-1.3117123955013472e+00,8.7847232083175897e-01
-8.0992816547433599e-01,3.2101356601846176e-01,-1.8207834233006353e+00,-9.5003316761001932e-01
3.7329342028957668e-01,-3.4957415750249188e-02,1.1201337779634313e-01,1.9802117619329933e+00
-5.8556287082140657e-01,8.5990617265554359e-01,-1.7683999329450309e-01,-2.6359464302405883e-01
9.6735281116621608e-01,1.6474421178945229e+00,-1.5117258781708476e-01,-6.5299379659015078e-01
1.4419960765434789e+00,2.1172880411899409e-02,9.8742648755471218e-01,5.9317482762106999e-01
9.7534251451516596e-01,-5.3588683034289386e-01,-3.9593132802834280e-01,-4.7813920495124629e-01
7.1445622102478379e-01,7.8093023221848645e-01,-3.5400195996618611e-01,1.4825578624370586e-01
1.4041261637117781e+00,-1.7431864894104870e-01,2.3453959951178613e-01,-2.1347778807868020e-02
-1.0278809021067128e+00,4.6648957768885052e-01,1.2862390329747033e+00,2.7165671508715397e+00
1.9034276081088153e-01,9.8211778174421394e-01,-1.4399609712671695e+00,2.2210110864423194e+00
-2.0835001171439456e+00,-8.0192101745563216e-01,-1.3185378223202304e+00,8.8663290309499154e-01
-1.0546847485991528e+00,-6.1277148798993386e-01,-2.4965140218746349e+00,-3.8536262530780929e-01
1.1483113629839055e+00,5.2554430513869121e-01,-1.4454515872186477e+00,-3.8843055570228374e-01
-5.8244235634347490e-02,3.2442705072195960e-01,-5.6748839243735660e-01,2.4906665122129842e-01
-7.6141629167681568e-01,-1.6342077642078316e+00,-1.5382040119550282e+00,-5.3819874552792402e-01
-2.0940025375840405e+00,-3.0575276843420860e+00,1.0227154747105394e+00,6.0773024862733960e-01
-9.3016695367455116e-01,-2.1749842562453434e-01,-8.2721892838953803e-01,9.8235023741473859e-01
9.8435831978882837e-01,2.8801755459418105e-01,-5.4468011230937352e-01,-1.0792780915246702e+00
1.4164278499452456e+00,1.7025661425634647e-01,8.4413102076379865e-01,3.0783582276417176e-01
6.9076132290177616e-01,1.2071293772644105e+00,-9.2206228462405004e-01,4.9154021882722021e-01
9.1080340629707809e-02,7.9845408449430832e-01,-5.0027741678046696e-02,7.3592538403350705e-01
-6.9389309211390215e-01,1.1616815896339161e+00,-8.1296548292389559e-01,1.8859299487870322e+00
7.3896290366678519e-01,6.5656437654309563e-01,1.7464350348183838e-01,-9.5520320020501703e-02
3.8299527518556431e-01,5.1219593835945731e-01,-1.4241852224468505e+00,9.3500976645065015e-02
-3.4956271465217048e-01,-1.1430384170152841e+00,8.6308102816840382e-01,1.3480868646692101e+00
4.9676064283130078e-01,2.2154745786757282e+00,-8.4250802601437025e-01,1.6335461791875945e+00
-1.2062333694521119e+00,-6.7308174566643120e-02,-6.3078973105804559e-01,-5.0604080960500308e-01
6.5850223529357355e-01,1.2053750808241606e+00,-5.9945811151286421e-01,9.6456802729216706e-01
-4.6177390621463726e-01,-4.6371054386958444e-01,-1.0098057709466617e+00,1.6675214418292819e-01
-1.1355037725175630e+00,-1.7577540844610786e+00,2.3626502904738594e-01,4.5430844085275968e-01
-1.0154299972512922e-01,-1.6133308641339827e-01,-8.8235877957657038e-01,6.0159874815940828e-01
6.8437865320279956e-01,3.9786946811340418e-01,-1.1167587547224940e+00,1.2631730801856742e+00
5.8452068320546453e-02,-1.7496857189350565e-01,-1.0622696515550238e+00,-1.2613884744438235e+00
6.6876437060935845e-01,2.7676546069113039e-01,7.8953077529085069e-01,6.8886429331398991e-01
2.0595598215815256e+00,2.2629309435073637e+00,8.5916178319514658e-01,5.8864941084904676e-01
-1.5839064547730087e-02,1.5458031549202282e+00,8.6433701237971439e-01,-4.9923013486134238e-01
9.0453241352389091e-01,9.0427889693989927e-01,1.2578457741316214e+00,-7.3085146452187510e-01
6.0551666669180805e-02,2.4491894701359613e+00,-3.4421509104879892e-02,-4.0320735881636365e-02
-1.2258315401253950e+00,-6.6503144353433485e-01,-7.9116543282573248e-01,7.3480542102193791e-01
-1.7890894777323609e+00,1.6854453157099547e-02,-1.2127333769487067e-01,-8.5536127721569177e-01
6.8147767536584858e-01,4.9644460931565465e-02,5.4279495290537905e-01,-1.3048389111531093e+00
5.2628418574205749e-01,5.6852091651603254e-01,4.7025165251472772e-01,-6.9379708533959406e-01
-3.3553002663521264e-01,-9.2872321249090761e-01,1.8249629352392107e+00,-8.3849432143289715e-02
3.5771519994898304e-01,1.5740600342480446e+00,8.2209851597009909e-01,8.0480505498279098e-01
-5.1813945823753105e-01,1.6484516261687257e-01,-3.9831796398570624e-01,-7.0261523686242860e-02
-5.0098743676089341e-01,-4.0030396429105131e-01,8.8517717747471913e-01,4.4260208496169656e-01
7.6013298381881744e-01,7.9079038089417741e-01,4.7060436024550817e-01,-9.1525598696030652e-01
1.3583973480530285e+00,-1.2040947845802072e+00,-2.8298720408642780e-01,-1.2394386093735532e+00
-1.7065939289563288e+00,1.3779027912100805e+00,2.3650626916030362e+00,-4.1842196588981445e-01
-3.7658636061374212e-01,1.5035743958072281e+00,-4.1097033654355103e-01,-1.6962829407152549e-01
8.4997867993818776e-01,-3.4253616849079827e-01,5.4480987103394185e-01,-1.9324242395913167e+00
6.8435588338270237e-01,5.7853322162996074e-02,2.0348983782932377e+00,1.3086884591360533e+00
8.4002635258863134e-01,-7.6671764156681799e-01,8.2519653556976186e-02,-1.6208851028046277e-02
-1.4376493057690547e+00,-1.4828247966167634e+00,1.8345763564998019e-01,-8.0926166839751534e-01
-1.9740785636085159e-01,-1.9754432932807342e+00,-1.1984829247297670e+00,1.1753830474278368e+00
-1.4087139544974909e+00,-8.8326308244565999e-01,7.2812585714017330e-01,2.5348804290812266e-01
-2.2844262622716283e+00,-5.0815204751035292e-02,7.8666552693542571e-02,-2.7016434553081298e-02
-1.4065277047759075e+00,1.2160920537433301e-01,1.6913930409839977e+00,5.6360273370033542e-01
-2.3132435613927652e-01,-1.0578185229029406e+00,-8.4705284047541823e-02,-3.4594396029618973e-01
1.2408238565647174e-01,2.4607512079325755e-01,-2.0712429850911169e-02,2.6686891343881622e-02
-2.6496096246071543e-01,9.7250004486308761e-01,1.1514620300051261e+00,4.1810467800713624e-02
-1.1406069838566826e+00,7.9007797681378311e-01,-2.1055465086286418e+00,1.2929564078798452e+00
-6.8394019043880150e-01,2.6634553448190235e-01,-1.1273138327966825e-01,2.8016863879368165e-01
7.8759943393107235e-01,-3.5391437073216842e-01,-2.3341212162084437e+00,6.9995288148607326e-01
5.6767205378270091e-01,-5.9428598509786523e-01,1.2456036003239599e+00,-1.0704247187933263e-01
-2.4957617954557912e-01,-1.2745330723638528e+00,6.1118917213042280e-02,8.6460147410588284e-01
8.7405087262796788e-01,9.8600828379946370e-01,2.7730122728548751e-01,1.6726885089282555e+00
-6.5154699617648071e-01,1.7743272273250172e+00,3.6937591148842286e-01,1.1256830436197891e+00
-5.4408136730375833e-01,9.4144914789102052e-01,3.0655607968997761e-01,1.7468051207294080e+00
-2.2527805256492714e-01,-5.5941946570554058e-01,-2.6910394234319157e-01,-8.6445860473357305e-01
8.5565203948637458e-01,1.8644292373077689e+00,-2.9554388370882634e-01,4.0290988418671658e-01
-1.2008711356812897e-01,-7.1559469137273540e-02,1.3527962284288766e-01,1.2187217228348934e+00
-8.1607870683171846e-01,-7.6464646146436666e-01,-2.0235990964419530e+00,6.2500611241776471e-01
2.0259697684453154e-02,-4.4377127744667882e-01,1.6495763628157564e-01,-1.7166020192051916e+00
-8.5750761403610121e-01,-1.3447844216930576e+00,-5.6191401995237020e-02,-4.6736185692125326e-01
3.4411176629916351e-01,1.4437866398941936e+00,-6.4590733370544595e-01,1.4017406615572667e+00
-1.7614742431041521e+00,-9.0879658608865421e-01,1.1432863232241339e-01,1.3841751115419756e+00
-1.1721654039123215e+00,-7.5177098335629799e-01,1.5256415846399367e+00,-1.7782687854818324e-01
-6.0961041670876948e-01,8.5296209774317600e-01,6.0150845652876861e-01,9.1008877631536811e-01
-3.5639420703337199e-01,1.7848739229613081e-02,-1.5367096555182855e+00,-3.7310477661008401e-01
-1.1841301953977899e+00,1.2883635427514345e-01,-8.2410738664298711e-01,8.7450891431963851e-01
-1.0740128906345323e+00,-1.5678515660205734e+00,3.3030841360665182e+00,-1.9917348220323532e+00
4.1294685550807975e-01,-2.9963737761965009e-01,-1.7369052807384007e+00,-8.5836446306075176e-01
-1.4295213882220004e+00,-1.0245435993896518e-01,4.9053491335850063e-01,-2.8780158485710594e-01
7.5351820620523380e-01,6.0666183685900421e-01,1.1720277157636028e-01,-1.5322434195889251e-01
5.7144295161116787e-01,-1.1796624162180041e+00,-5.4884055056948799e-01,-2.0747969104942840e-01
7.0777046164829449e-01,-5.6318020208565167e-01,-1.1653988573002132e+00,5.5777112494897141e-01
-1.6606021917973393e+00,-7.2798411660204754e-01,4.0582042147674680e-01,-1.6167704666429474e+00
6.0789417923805078e-01,1.7069132700591023e+00,-7.5060989245887344e-01,-7.0765544930544788e-01
8.7405087262796788e-01,9.8600828379946370e-01,2.7730122728548751e-01,1.6726885089282555e+00
2.2580895616338026e-01,-7.8914017910405054e-01,-3.8940532611973822e-01,1.9631443403207105e+00
1.1916972107468351e+00,3.1090815021096574e-01,-3.7404025221055254e-01,1.2278081576659605e-02
3.4845573617296971e-01,-1.2091242854910786e+00,1.0847083389849521e+00,-9.5239818177220137e-01
-7.0015112277812841e-01,-2.3684149090892213e+00,3.8939789436991884e-01,3.7584882600177527e-01
3.8598622707119118e-01,9.5658605021785392e-01,6.2496203269362527e-01,-1.2060742631017640e+00
6.9895257908350894e-01,1.8786402480255995e+00,-5.9789798176484343e-01,2.0620802605168925e-01
-4.8935285483240337e-01,-7.5028427374202988e-01,9.3031501702135033e-01,-8.6532971656187840e-01
4.9273493625235310e-01,2.6849464544530954e-01,-7.2752347389653371e-01,-1.9137138015161199e+00
6.1619324594260405e-01,2.6323913810327798e-01,1.2965974682129338e+00,-5.9882266710746546e-01
8.1341543155658413e-01,-1.2400114605607169e+00,4.9255877794245062e-01,-1.4189556579460987e+00
2.0972174770287721e-01,-1.6932854734305125e-01,4.8148931298803771e-01,-1.0683535728081242e-01
-1.1032285178393462e+00,-3.9423777595709841e-01,2.8980467698554013e-01,9.1926053627368709e-01
3.0978502855344958e-01,1.0532369241918846e+00,-6.9112368086004905e-02,8.9216262381886602e-01
-3.4093754766848761e-01,-1.8645956357656213e+00,2.1332485930632261e+00,5.6403531123883965e-01
-2.5282448874885438e-01,-4.0622372318129379e-01,1.0464315508520046e+00,-3.9104263332749406e-01
3.6659988616324823e-01,1.8203378822049203e+00,7.5956354125420877e-01,9.0185117808150228e-01
-3.4086862745051461e+00,-2.3997241790212964e+00,-6.7474732673924809e-01,2.2926319367884343e-01
3.7590321207627373e-03,2.9753363893499868e-01,8.0035192411544975e-01,-2.3907531023776607e+00
5.5678373744351795e-01,1.4526823250904237e+00,-8.6867352958527544e-01,-2.0960000681168647e+00
5.6698404211092190e-01,5.8557109183842349e-01,3.5205744801547273e-01,-1.2489397319767668e+00
-3.1275959946231185e-01,-3.3617902516601716e-01,-6.7232481215552953e-01,2.9242073000555990e-01
1.3264485705982001e+00,-6.5265781540465273e-01,-1.1732865282466665e+00,5.1664815588058399e-01
1.7241331758081273e+00,1.2800142823690883e+00,-1.3727106406231124e+00,1.7752495007883004e-01
-8.5602844532643285e-01,2.0209380912685813e+00,-2.2979195361564089e+00,1.0680046825092946e+00
2.3040890308977813e-01,7.9590999674859586e-01,5.5789151835441742e-01,-7.0139674244047090e-01
1.0844960455834314e+00,-1.4746790367008706e+00,1.0020345786990070e+00,-2.3318543064050165e-01
8.9690189282596278e-01,8.0565094479018340e-01,-3.3435030085859802e-01,-8.4009970735753947e-01
-1.5516275450781607e+00,-5.2525096458585985e-01,7.5737771384607766e-01,-5.2247420040999504e-01
-6.0596940978377067e-01,-1.7455745075255230e-01,2.6601319480609065e-01,-1.6581788891564586e+00
-4.6861190228588666e-02,1.3754805704392542e-01,9.3188254349417729e-02,-1.7807736424749403e+00
-7.5654588678131596e-01,-6.2999478688000954e-01,4.4351367028679706e-01,-1.0506068271610145e+00
1.3843293150812133e+00,1.8138837643806867e+00,8.6912452991694200e-01,1.1947060254276165e-01
-2.8853094824318615e-01,-8.1728057922111219e-01,7.2460386491476336e-01,-7.5968864373369849e-01
7.6186139865286007e-01,4.3751721547918965e-01,-5.4868246489046690e-01,2.7078873803182418e-01
-2.1544980106706141e-01,6.4824961606931431e-01,-1.8014404357453044e+00,1.7272215925625372e+00
1.8305509712771613e+00,-9.9810961280965671e-02,9.8815185549079554e-01,-1.6192022110962428e-01
2.4197669520797169e+00,4.2105156462960758e-01,-2.3316662459201098e+00,-6.6991147647784910e-01
1.0638307994575187e+00,7.4663907727838463e-01,-9.9406192114500225e-01,1.4890971186485307e+00
4.2443656767623454e-02,-9.6633839914229436e-01,7.8697985006131599e-01,2.8755690692899416e-01
1.6194072451958859e+00,1.1556628903640291e+00,-1.6812814240389695e-01,2.5585466808809881e-01
-1.0905671954875089e+00,-3.8645886586242040e-01,-3.9270029024224502e-02,-4.6515616881372579e-01
4.9402224198769767e-01,1.0496470631561158e-01,1.5597179169891031e-02,1.3534120406453480e+00
2.6466410268253882e-01,-4.8848975209766399e-01,-7.3546028466489366e-01,1.2019248700392453e+00
-6.0279481136990422e-02,-1.2080324371375926e+00,1.1143239517295873e+00,8.2063748131634617e-01
-2.9584247798486130e-01,-9.7132844736026680e-01,8.6898089372427056e-01,-7.2629394884327092e-01
-9.2687252847741597e-01,1.0248136144453485e-01,3.0719850722994081e-02,1.1258278115297022e+00
-1.4720859641302770e+00,1.1931902231273503e+00,-1.2078404424298883e-01,5.2173106955261550e-01
-5.3157182641559897e-01,-8.4809933524255432e-01,4.1586599383019668e-01,-8.4816222980381484e-01
-5.7278239617002791e-01,-4.0630529292171824e-01,-1.5852518642631749e-01,3.2459347815139358e-02
1.2085802699250683e+00,2.6925646930064284e-01,1.2292249791280032e+00,1.4560724993289753e-02
2.9510708868006802e-01,-9.1844011466577768e-01,-4.6446502670123119e-01,-9.7036789624487840e-01
3.1019676964185522e-01,3.6274573858388759e-01,-7.4757710562794677e-01,1.3900810099114302e+00
1.0124744138194408e+00,-9.0772949377479817e-02,-1.9872902064372071e+00,1.0958351803386961e+00
1.0655216644182117e+00,1.3241255718414666e+00,3.6102678078759548e-01,-2.2783015871440759e+00
2.2580895616338026e-01,-7.8914017910405054e-01,-3.8940532611973822e-01,1.9631443403207105e+00
5.8161406735055161e-02,1.6066824049403567e+00,2.1793542608133780e+00,-6.1721984162781962e-01
-5.9071392441158854e-01,-2.8851134023391628e-01,9.3251405594361014e-01,-3.3716491729678638e-01
4.4935726227417788e-01,-1.2239893403718114e+00,1.1304653713181326e-01,-6.9022848369058321e-01
-2.9391277866236759e-01,-8.2133418943539016e-01,1.1214109762965716e+00,5.6485813065056734e-02
-1.5996013870673229e+00,1.0830053255727365e+00,-3.9700959512589856e-01,2.3581148515630517e+00
2.0959797798561146e+00,2.1747109473010162e-01,-8.3793953021224066e-01,5.0641525067024196e-01
7.8879820030410586e-01,2.2249509654008546e+00,-1.1285308100700839e+00,-6.0732939419039278e-01
