"X0","X1","X2","X3"
-9.5708800277612627e-01,-1.5513431645238501e-01,-1.1051157553860191e+00,-7.0468412362604260e-03
-7.4288604823624704e-02,1.2853666539012916e+00,-6.1681881359169322e-01,-3.1706208311427470e-01
-9.2392539190404799e-01,7.4973317088679603e-01,-1.8552085199841298e-01,-1.2537735501102329e+00
-2.1420553003248686e+00,-8.4857884298844455e-01,-2.8269294179315801e-01,-9.5824777608970468e-01
-3.8973630213615162e-01,8.3773430351840350e-01,-1.0950932768235513e-01,-1.7014177285633978e+00
2.0947160409758739e-01,-9.0471769287926429e-01,-1.4489303603373851e-01,1.8125913310637161e+00
-9.2329454571081615e-01,8.3694035330603533e-01,-2.2770660276311919e-01,-1.0513604378685426e-01
9.3720248031993947e-01,5.6260954459739021e-01,-1.9717891691460415e-01,-3.3069976852867139e-01
-2.7558613209387706e-01,5.6436488487099512e-01,5.7437403579619739e-01,5.3336616393272696e-01
-1.3262022383392458e+00,-9.6503047283904020e-01,-5.5474705784452105e-01,8.0666370644592633e-01
-1.9035160886758027e+00,-1.0344740031263051e+00,-2.1518334162994771e-01,-1.9469361219191639e-01
-1.2025733378139658e+00,-8.2121175951337722e-01,-3.1940739268549199e+00,2.0861508853938711e+00
-2.9769832709036370e-01,-4.8696568549014807e-01,7.7964464662273525e-01,6.0532019817111515e-01
8.7821718184650455e-01,-9.1894126728407322e-01,1.0752742203346239e+00,-7.3789444202944099e-01
6.7702957883254544e-01,7.0545409963061834e-01,9.8191755523118562e-01,6.6331318981566745e-01
1.8200100210883339e+00,9.8633663620364764e-01,-2.2010666082130775e-01,9.0053925255044376e-01
-5.0009498322139689e-01,1.0269039877703912e-01,4.0873790160511250e-02,-7.8828593610229314e-02
7.0697631238330982e-01,7.1343710065616506e-01,1.6283370425122515e-02,4.7340955436783738e-01
-8.1430760740123509e-01,5.0216802234000957e-01,-1.2736633935319428e+00,1.1671002978369860e-01
9.9785370383858096e-01,1.2145852143336497e+00,-1.6474807906269762e-01,-2.3970096323543638e-01
-3.6790085348134091e-02,8.0199337983608154e-01,1.0621778581544662e-01,1.9758565083689485e-02
-5.0232066384669490e-02,-1.2473119603211913e+00,-6.9123406121086672e-01,-1.5400469601636632e-01
-3.2051527162176374e-01,1.0568266316823107e+00,-1.8457497710171351e+00,2.5447456070927749e-01
-1.2259822665299818e+00,3.0969768307545009e-01,3.0850048671116481e-01,-2.6683900759276340e+00
1.3341073042966929e+00,1.0462174816422225e+00,-9.6482948015018277e-01,3.1469178957140104e-01
5.9109205932450981e-01,9.8410759902911604e-01,-8.7309256490745346e-01,1.8261506077988439e+00
-8.6749872328235356e-01,-1.8756391556003051e+00,8.6625965669833349e-01,1.8971901922557399e+00
8.0227187793188104e-02,2.5747678219970499e-01,1.5916223228050732e+00,-4.1092975164756762e-01
4.0807466944887250e-01,9.2133334143194523e-01,6.5507083353139006e-01,1.6135589330486277e-01
4.1999382812397701e-01,8.1377744638552318e-01,-8.3559916609281748e-01,5.5759784263976242e-01
7.7104405828036759e-01,1.0557413744194131e+00,-2.6716036806114130e-01,-1.2420030802126174e+00
2.9475384248343961e-01,2.3556554586463481e+00,6.2279986085540673e-01,-1.0691586678178828e+00
-5.0537259673143731e-01,9.3166672421049729e-02,-1.6411038355062919e+00,1.4947141582102823e+00
-1.6474945298641315e+00,1.6152083318579480e-02,-1.6918211915119026e+00,9.8548076225711179e-01
-8.5361184349159513e-01,1.5813140478304388e-01,6.3002899340392882e-02,1.9761391026833512e+00
-2.1994591038588507e-01,-9.8467324034791326e-01,1.0322665144296697e+00,-2.5795126835111426e-02
2.1814507416706186e+00,7.1525881566015004e-01,-7.6087473425014462e-01,1.9143712063657486e-01
5.0984123190625474e-01,-5.4315419789923025e-01,-1.1846241825245307e+00,5.7830672837915065e-01
7.0697631238330982e-01,7.1343710065616506e-01,1.6283370425122515e-02,4.7340955436783738e-01
1.5704843387479686e+00,1.0598725197480192e+00,7.3492425706210987e-03,-6.7338565601346478e-01
9.5854535885318992e-01,6.1250978070775952e-04,7.8394286030021701e-02,1.9720225298365637e+00
-4.1472765799136502e-01,-5.7311004731058623e-01,1.3102053605927588e-01,-1.0684301698280143e+00
7.6013298381881744e-01,7.9079038089417741e-01,4.7060436024550817e-01,-9.1525598696030652e-01
8.2998914126217493e-01,-1.4467004322965999e+00,-9.0289565454127141e-01,2.7691567294091540e-01
1.1706757064280946e+00,1.4410460696836545e+00,2.1336790451444212e-01,-4.3252792215374075e-01
-3.3209410399434236e-01,2.3833463858925347e-01,-3.2976643054636962e-01,1.4111442946221486e-01
2.3781707004822206e+00,2.3356733006630743e+00,-1.3952806669583091e+00,-7.1208328864738557e-01
-2.3738566219790908e-01,-9.5899186971630945e-01,-1.0505835979013922e+00,1.1745956840989757e+00
5.9631573183843956e-01,-1.8007591752733578e+00,6.8388498794710195e-01,-1.2262372469820608e+00
-8.8713463421530026e-01,-6.3432379451753151e-01,-2.9060796212365660e-02,3.8653388324491333e-01
-2.8704950094572862e-01,9.2814834277786668e-03,1.1331370428030407e+00,-2.0758519451484059e+00
8.5989281429069975e-01,2.3422784154598704e+00,-1.1445532276554498e+00,3.9489798355865846e-01
6.4099937035967880e-01,8.3810650140545850e-01,9.9904337195112025e-01,1.0349849992505398e+00
6.7492780688681431e-01,-4.1073244326753255e-01,-4.1608489619339267e-01,1.2783252267835725e+00
-1.1305499734372904e-01,4.5021252266387514e-02,3.0940782981698089e-01,6.5387935901043515e-01
-1.7890894777323609e+00,1.6854453157099547e-02,-1.2127333769487067e-01,-8.5536127721569177e-01
-5.5520083493143746e-01,-5.3978633153291877e-01,-4.1039389318403691e-01,-1.5960071555673643e+00
-9.8266013966137200e-01,-7.1595427303185266e-01,1.0815108421351907e+00,3.6238663628238238e-01
9.7119576009225461e-01,-4.0791078907158940e-02,1.5314987202358978e+00,1.6080975356044763e-01
1.6019284890408905e+00,1.1904410968912189e+00,1.1996875901774011e+00,-9.7113966176993138e-01
4.4867004952037737e-01,-5.7962596557725676e-01,-4.1973446366527090e-01,-2.6958831586583065e-01
7.1672303909171131e-01,4.2335109784948566e-01,-1.3197618944134915e-01,-1.0433413942910306e+00
-4.2862265700778474e-01,1.7207872626803863e-01,6.2240177768253746e-01,-7.3788634950415888e-01
-1.5598794925981052e+00,-7.2133122175302311e-01,-1.0565834202118059e-01,1.0285993032586078e+00
-4.2935757589966750e-01,6.7221839782997034e-02,1.4909057575362770e+00,-1.5825122877564231e+00
-6.3645853102869931e-01,-7.4368165532797215e-01,5.7965864152834246e-01,-1.7489941827744160e+00
8.9882785670387744e-01,-9.1302968830543585e-01,3.2784956416548938e-01,1.3057522893929947e+00
-1.4062816156330358e+00,6.9223896509294724e-01,-1.1358956982610711e+00,-3.6970307565049892e-01
-6.9627607715912643e-01,8.0702385681363054e-01,-6.3444534682605558e-01,2.7677501994207809e-01
1.0810522746197222e-01,-2.1866863018667448e-01,-1.2557528330051653e+00,4.5602372600428176e-01
1.3557237332636587e+00,6.9678023032387348e-03,-6.0115659301028142e-03,9.6164712513216077e-01
1.0071958880808751e+00,5.0749272465773088e-01,3.1639318034779035e-01,8.6179611924774491e-01
7.1263252890703399e-01,-5.0903716538028720e-01,-8.8396496150411374e-01,2.9830751668760996e-01
-7.5502768611885474e-01,1.5042390958681445e-01,4.9013738732786660e-01,-9.7177108549161395e-01
-5.1683370519739646e-01,2.3246051380802957e-01,-5.6941361484987185e-01,-7.6887736801053597e-01
5.7599557987023475e-01,4.6117846764720982e-01,5.3562393055956181e-01,-3.1905964235987505e-01
5.3387773350769541e-01,7.4423768773807231e-01,-4.7202424001640153e-01,7.8284119358573467e-01
1.3139886056106573e+00,6.6388092022973910e-02,-7.5392547611538485e-01,5.8966411799326357e-01
-8.5691385770433104e-01,8.6108359305466164e-01,-3.9561399729812446e-01,6.7310068276294821e-02
-6.4885143350755270e-01,-5.7920295547196377e-01,-1.3778128401304757e-01,2.7598042808582224e-01
1.3430054970233105e-01,7.3763045270651501e-02,1.5731309118310643e-01,-2.4011824208872640e-01
-5.9244658523424565e-01,2.4792351005224571e+00,-2.2980868911737723e-01,7.4504844247938351e-01
8.1132298975733852e-01,-1.0772556561672788e+00,1.5455938611256990e+00,-2.0863966578652136e+00
-2.6557606648333500e+00,-2.4871993271668589e+00,1.3072742028035564e-01,2.9645353037801303e-03
5.9653014429141127e-01,7.5181670023920744e-01,-6.5513704226575542e-02,1.0909939530803157e+00
-1.5675330749831042e+00,-2.1479110855382690e+00,4.1951810690120528e-01,2.4164470739264807e+00
7.2191376950902730e-01,2.2337976277438050e+00,1.7148553021199495e+00,7.2193089864547244e-01
6.8106186373904476e-01,1.5088054813865124e+00,-8.8842879508341832e-01,7.1733759580887124e-01
-4.7483501617209415e-03,-5.5378347897454916e-01,-4.7436659033853712e-01,2.0882857353000631e-01
9.9170635478555508e-02,5.6085560872823315e-01,1.0731560078048145e-01,4.5184933882420220e-01
-3.8168761247062788e-01,-5.9260745778235768e-01,9.2685387778368078e-01,8.7151972380112352e-02
2.5465969825202599e-02,1.3504556135848396e+00,-5.2450085491890985e-01,1.1832750192094319e+00
2.7387126690788728e+00,1.1573992940317452e+00,1.0924939640724460e+00,3.9614553851383633e-01
-7.1796884449749132e-01,3.2540820202587034e-01,-5.0625610728735726e-01,-1.6453832212509338e+00
4.6894212901313309e-01,-1.0893225712157875e+00,-8.0272565262293138e-01,1.7904271939377110e+00
-6.3955122321302738e-01,1.4143311592222563e-01,3.4753437411567133e-02,-7.2469117857927023e-01
4.4040351977552475e-02,8.0470576814357331e-01,2.5583425995462783e-01,2.2019958924647001e+00
9.1360572649588145e-01,1.9829863377357007e+00,1.1486623242225324e+00,-4.7491982674833999e-01
1.8204434660044883e-01,9.3897363003490497e-01,5.5803956548461986e-01,-2.7444777821644950e-02
2.6001763393674953e+00,4.9722012709582802e-01,1.2177553303004935e+00,-1.1222665388911568e+00
1.4995391782819870e-01,3.6401224058100634e-01,7.0054837224757616e-01,-5.7446745264900956e-01
1.5456641873414703e+00,1.0075604326387861e+00,-1.3752517630509891e+00,1.6932449484653944e-02
-2.1886552714899854e-01,-6.3779587207978783e-01,1.0926037659800494e+00,1.5550599581850626e+00
-2.0312538409610399e+00,4.6758331172187251e-01,4.0173975547081869e-01,-2.1638023654907923e-01
-7.9812077249805602e-01,1.3096837622840598e+00,1.0794697861398186e+00,1.7422988589989525e+00
3.4789986305077805e+00,7.4261310899125754e-01,1.4757793796818031e+00,1.2616892567967912e+00
-4.5108019930818991e-02,-7.5619266517696557e-02,-1.2131633489337446e+00,-1.2870769666237876e+00
7.4268686538755879e-01,6.6057540899847156e-01,1.9093095979054726e+00,1.3184386597692677e-01
-7.2146566865612660e-01,3.5461206744086565e-01,-1.7058772090734791e+00,7.2601751540841053e-01
-2.4548298167678131e-01,1.9771773466652720e+00,6.0968894945311436e-02,-2.2420357202049374e-01
2.6482006365169491e-01,4.3805130185065994e-01,-1.7555485592646796e+00,1.8252123304172958e+00
8.9569661695088398e-01,2.0685787843368017e-01,-5.3991336109185240e-01,1.3410419329411347e+00
1.7990176515470986e+00,1.5070140982799884e+00,1.4117437326642430e+00,-9.6553515201895190e-01
-1.9194749898173502e+00,-5.3995807594408296e-01,-1.0319154919573528e+00,1.8232540035678364e+00
-1.4063495420869807e-01,7.8480726355056174e-01,-1.1350999679408997e+00,5.1810710347084632e-01
4.7375004190463993e-01,1.9595326762324012e+00,-6.3388280435787492e-01,8.9035366437046337e-01
-1.9602670895022853e+00,-1.6941876708892822e+00,8.4973435268842490e-02,2.1342749505971378e-01
-5.5267069872653216e-02,-1.0216301844650260e+00,2.3496430401307786e+00,-1.8748041642178344e+00
8.4000473365415185e-01,6.3037777530586037e-01,-9.9412156435572541e-01,-7.2395013302607447e-02
-1.3222829425010523e+00,1.1297749856225636e-01,4.2110778211700478e-01,8.1046484821812859e-01
-4.5978179562811761e-01,-3.1441349794784390e-01,1.7737851173560655e+00,9.4877016678228343e-02
1.4995391782819870e-01,3.6401224058100634e-01,7.0054837224757616e-01,-5.7446745264900956e-01
4.4121875948388833e-01,1.6299608750506429e+00,3.8421349953036277e-01,7.5466985056230662e-01
-1.6500529055575718e-02,3.0134813574460428e-01,-9.7499842600886855e-01,-4.3254186159355079e-01
-1.2902329831296742e+00,1.1895671695604499e+00,-2.8937183084138968e-01,4.8442256993140076e-01
7.8276407917965118e-01,-4.4000901772221779e-01,-1.9471069951710986e+00,1.5118081725134285e+00
-1.8983704172895671e-01,3.8711810233938360e-01,2.3253780951825154e+00,-8.4803671638202327e-01
8.6486054942154111e-01,1.9951415168610378e+00,4.2844079851313138e-01,1.5907275416429971e+00
-8.5861904269964939e-01,-6.6591564821971894e-01,-6.4975257484047388e-01,1.2328596093326154e+00
-5.2542031718027660e-01,1.4900906329506187e+00,7.5432602718808173e-01,3.1778182807188204e-01
-1.9234031528025433e-01,3.6524052815635610e-01,-1.5493735934609525e+00,-1.1487019329460426e+00
-8.8295528097662057e-01,1.6182704821588773e-01,1.0508220675987647e+00,1.0264462599636008e+00
8.2508878585145318e-01,-9.1228766600869604e-01,-1.5414279239751607e+00,1.2852063707344477e+00
6.2564869750761434e-02,-9.2055642915890223e-01,-1.9085109009849122e-01,-8.3548752419521377e-01
1.9054130375263664e-01,-1.5252077528388694e+00,4.5217970949683946e-02,4.6606441749549204e-01
-3.3735367707507141e-01,-5.8754398023592480e-01,-9.0899694509423334e-01,-5.2679442112077968e-01
-3.8608620410682315e-01,1.1062878554944349e+00,-1.4453390616668125e+00,-7.2930106087896496e-01
1.2679514398788032e+00,-4.1389040718418046e-01,-1.0939836857740255e+00,1.2572917495160025e+00
-7.1420828656660884e-01,-6.8124614385888993e-01,-2.4315150013232283e+00,-1.1280439102436934e-01
-1.2590677870971028e+00,1.2366731020759525e-02,6.3654837439010559e-01,-1.0380594954046864e+00
3.8353786185873362e-01,9.5132600037722259e-01,1.0699331591791341e+00,4.2865619115089321e-01
-1.2049162463604013e+00,-3.6785759367320231e-01,-6.1392520288043151e-01,1.9123287746220186e-01
-9.6094912765458662e-01,-2.4195249968379448e-01,-1.8704492037986492e-01,-3.5430160709018255e-01
-5.0232066384669490e-02,-1.2473119603211913e+00,-6.9123406121086672e-01,-1.5400469601636632e-01
-1.3663609823921550e+00,-1.9926953604681433e-01,-1.3896322146519704e+00,1.3054717022360190e-01
3.0811860594846252e-01,-1.7510122412611279e-01,2.3535279496324760e-01,-2.1451458309341109e-01
-7.3855805272720498e-01,-6.6684013452502600e-01,-1.1626443039180909e+00,-3.4251560360130645e-01
-1.1951830484985602e+00,-7.4890356813925973e-02,1.5961205822546631e-01,1.5275722150978882e-01
1.0548435909071767e+00,-9.3205172486833576e-02,9.0360763106558017e-01,-5.7918758420529226e-01
3.1489944779466024e+00,7.0643952564323653e-02,1.3529520632045062e+00,-8.0937084874337806e-01
-3.1246459796461590e-01,9.2508154858720729e-02,-1.4054517404779863e+00,1.4365590613618056e+00
-1.5365988037698395e+00,-1.1689953817548497e+00,-4.0264100139166459e-01,7.9398496896177806e-01
8.1578040815685637e-01,1.4860397252673478e+00,6.2108080008883948e-01,-3.0241356601962532e-02
4.5711266750118676e-02,3.7390590989059869e-01,1.4599548191801584e-01,1.4907958382557214e+00
7.2318024152086913e-01,2.7938981998674621e+00,1.2942409837449194e+00,-8.8005669110371543e-01
1.6322052116033456e+00,-3.2906101352733352e-01,-1.0097470029166671e+00,2.3578704896304456e-01
-1.8579920668486314e+00,-7.0809379089735436e-01,-1.0057630936473612e+00,1.1429327515218299e+00
-1.6283829490469676e-01,2.3354497968509448e-02,3.8613784862755335e-01,-4.0683901489680002e-01
-7.4885378298445882e-02,7.9029012716272795e-01,1.5056442496369138e+00,-8.4531344824200938e-02
1.8007532496577969e+00,2.6618349910248057e-01,-2.1586080337251641e+00,5.0672151600579918e-01
-1.7869038567071811e+00,-1.1561326918943231e+00,1.5068457655220852e-01,7.4737935984842208e-01
-2.0716856843319201e-01,1.0027810888484778e+00,6.6075021439512516e-01,-1.5853735187195701e+00
-2.1116732593028784e+00,-1.3017931599485295e+00,7.0029400445571523e-03,4.4879723451010135e-02
5.3759927928009721e-01,-6.1746683777795797e-01,1.3985012225928981e+00,-7.8709663018910025e-01
-2.0469016430141340e+00,1.0853885256167102e+00,7.8051020743486899e-01,3.4791096081219802e-01
-9.8377461207436678e-01,-1.0134516069588528e+00,-3.9988310791237797e-01,-1.2532061586536156e+00
3.8694215589232211e-01,-9.6535672140900342e-01,-1.1127858521628198e+00,-1.0547192767966211e+00
-2.0847710966767491e-01,3.4038375686582389e-01,6.4683963513108611e-01,1.0728747721840912e+00
-7.8016010982815165e-01,1.5005862408800477e+00,-1.0583930804425876e+00,2.4831946058063119e+00
-1.2260265842041240e+00,-8.5553324116423579e-03,-1.6033362679304305e-01,1.6587856879880716e+00
-1.2924276919138029e+00,-4.5084817618418488e-01,-6.6729435034731521e-01,2.3450170553339900e-01
1.1137040863072021e+00,1.3242063309619629e+00,5.9204706971002174e-01,3.3445508257601630e-01
-2.2600487373678482e-01,-7.7437594670644039e-01,-7.1667016479978241e-01,8.8206641836245225e-01
5.5922608739077162e-01,6.5832381361641781e-02,4.3115179894665440e-01,2.4198845292247795e-01
4.8936887771634753e-04,-7.0180986044368576e-01,-3.6884921192016734e-01,1.0449123399657749e+00
6.6738394168839887e-01,9.5038785066598308e-01,1.3999272961380183e+00,-1.0970814940134772e+00
7.8685233775983032e-01,1.0813421200819457e+00,1.0840715494053084e+00,4.8504473214886218e-01
8.6749009501671359e-01,-9.2259766078251593e-01,3.4645769772359968e-02,-6.9193633940052002e-01
-5.3634269387323663e-01,-1.3737708424225412e+00,-1.3968610588661396e+00,1.6743501718337885e+00
-1.1367800147562167e-01,-4.0447202052810516e-01,-9.7411856175865075e-01,1.7710044485020476e-01
2.5336550817129705e-01,1.1716412046943940e+00,-9.4956808268978454e-01,-8.0204307880954784e-01
1.6933810636696238e+00,-5.1037007038458448e-01,-1.3425212868985987e+00,1.1468093315873300e+00
4.2637635613588648e-01,-8.7230899390010375e-01,-6.8154146814074357e-01,-1.1139277019784255e-01
2.7552560618091781e-01,-1.7177666830357052e-01,2.6208192016136025e-02,-3.5358846051057907e-01
-1.6358565005592072e+00,-1.5129473843523700e+00,2.3480137794617031e+00,-8.6016253676491039e-01
-1.7218658611373201e+00,-8.9352217596812333e-01,2.8760357777660084e-01,8.9646981836936601e-01
-6.0793737453238439e-01,-2.0341440523487173e+00,1.0293102657318898e+00,1.3311234869726691e+00
2.3568764999192651e-01,6.8278172486975408e-01,2.5361844250036519e-01,-1.2158021645791271e-01
-1.2898517857838354e+00,-1.0272776544450348e+00,-3.4835420283462579e-02,-2.2266727683247906e-01
-1.2516410162621880e-01,1.5812174059753268e+00,8.6322161923882854e-02,5.0670235189385027e-01
-1.0205470482454089e-01,6.3096084173117584e-01,-1.5014472820457141e+00,-1.1845691588777485e+00
-7.9631899265565176e-01,-3.3306385156471441e-01,-5.9733488331850104e-01,3.2542264879517147e-01
6.1104175751914869e-01,-4.7790390722757187e-01,-5.4912771409590755e-01,-1.6314012854831597e-01
1.0727602957906606e+00,1.2692257569902294e+00,6.0414775877707227e-01,-8.6688440415474877e-01
-2.1505628462685347e-01,-5.5204093488622352e-01,1.1438244051928655e-01,5.9083869384126597e-01
-9.6534923112092164e-01,-5.3539992167327877e-01,-5.7725370019583611e-01,1.2100547157390755e+00
-2.9741589198941842e-01,7.2348226010902550e-01,2.9399359659190272e-01,-6.3994677774907027e-01
8.7406654120744898e-01,9.1480914676902736e-01,7.0218658726948402e-01,-1.4453431900558393e+00
1.1904748431298378e+00,1.2985210008321020e+00,-1.9707615074928878e-01,-2.0536931009911585e+00
1.9961231611143859e+00,1.2017127008149919e-01,-1.1380021648965111e+00,4.6259260168381666e-01
-4.9313045820414136e-01,-7.9129991841455294e-01,2.8138578858788549e-01,-5.2487269142598447e-01
-3.8966164529271202e-01,-1.4641389678015331e+00,1.0466856140561900e+00,9.7209744378290752e-01
5.9396147742409355e-01,-5.8248335059213097e-01,1.8431688918171277e-01,1.4051301633531068e+00
-6.6134623365799006e-01,-2.7235979466110322e-01,-9.0335415493327231e-01,1.9972556141352615e-01
1.1276005967557960e+00,5.7897717931023562e-01,-6.1977180349427985e-01,3.5408005327315922e-01
1.0923708610131768e+00,5.3655590471819470e-01,-4.3297335741751658e-01,-2.7069868124534552e-01
6.4690491791912774e-01,-1.0422884736236555e+00,-2.8828131187905565e-01,8.1175786175779452e-01
1.4119535088228263e+00,1.8236574929990983e+00,8.7507694347562104e-01,-1.1298925629384426e+00
-1.1610465352322383e+00,-2.0594383304955262e+00,3.1190845494551356e-01,6.8743111941920698e-01
-1.6479536677251572e+00,1.3339690482125861e+00,-1.2238988409455299e-02,2.9083458490881248e-01
9.0729855850007840e-02,-1.2881792624233249e-01,2.4366742732321431e-01,-6.9806497125202382e-01
-1.4440403347659363e+00,7.8172054613350217e-01,1.3305967658519016e-01,-2.1768635191151395e-02
-1.9545305755860423e+00,-7.1448197404291525e-01,-5.6995747766941562e-01,2.6362311469086661e+00
-4.0400893662570347e-01,1.6818736323530952e+00,4.3918701325806075e-01,6.2041053974665150e-01
1.6830814285338519e-01,-4.1518269793198231e-01,-2.0334251131541559e-01,-7.5229710697978192e-01
2.4528382816887945e-01,1.4395010961829540e+00,3.9596645681693254e-01,1.0773254042576339e+00
1.2343457969375755e+00,1.7858930317269506e-01,-3.1453570987830359e-01,-5.9449270197811499e-01
7.8083840705530805e-01,1.3499355453854873e+00,-2.2038609232411280e-01,-7.8211681971948788e-01
-9.0997084109086759e-02,9.8880652197221452e-01,1.0189087492178497e+00,1.5514925613040231e+00
9.4706776092385714e-01,6.3160855744603150e-01,1.9215318324293598e-01,-8.3483530710782505e-01
5.7521704979032262e-01,-1.4804779102163359e+00,3.1194233687354211e-01,-8.3191660312542415e-01
7.1837461495008614e-01,8.6291194786668157e-01,-6.0510927206735532e-01,-1.6477802772684189e+00
-2.4825953673948233e+00,-2.0049394453792466e+00,2.7310606435322643e-01,6.4975046440008544e-01
1.4177049871898537e+00,1.2093139725115343e-01,-1.5604608926869463e+00,-5.7543614095078666e-01
-6.9542375547072321e-01,1.0447889938356787e+00,1.4921990868103789e+00,6.0525704754744147e-01
-6.9882287540727817e-01,-4.5908842373704917e-01,1.2069608154748999e+00,3.4746287285943872e-01
-2.1525245902199224e+00,-6.5037940063188704e-01,4.5989105604915992e-01,-1.0668457509719533e+00
-7.9139401318224323e-01,1.4644487338481125e+00,-6.2580085891914827e-01,2.1193109579629370e+00
-6.4491859942372151e-02,-4.5500609914017984e-02,-1.1133449957500567e+00,4.9798200220245226e-01
-5.4311932466004342e-01,-1.5373512742234557e-02,2.0554921465638296e+00,-2.0238888529412358e-01
-3.6265000313186208e-01,9.9506026290189209e-01,-1.1315168762434484e+00,-1.3326734291424938e+00
-9.9457761216378404e-01,-1.4225664843498493e+00,-9.6946539861174286e-01,7.5567043528751543e-02
2.0019561043600392e-01,-2.2708318666064845e-01,1.5358891593225961e+00,5.1394414713026582e-02
1.8486783538726495e-01,4.8670324832732328e-02,7.5576305358710627e-01,-6.0106565573328485e-01
-4.6293121132541709e-01,7.4115556634426216e-01,7.3798264572762173e-02,-5.2380496924182118e-01
1.1101024357435625e+00,4.7263701406368314e-01,-1.8539375715899049e+00,2.5928290263382459e+00
1.2299167493439991e+00,-6.0096175979507627e-01,1.4201246457312335e+00,-1.7981525103157285e+00
-1.3198317144439049e+00,-6.7162072214658197e-03,-1.0277851964907823e+00,1.3584525975752439e+00
3.0785366291353113e-02,4.7908516561949947e-03,-2.0866764620007761e+00,1.1415957126714518e+00
9.8437853919872720e-01,2.6455510563766715e-02,6.1421222904110961e-01,4.5240801482763748e-01
2.7419028176707853e-03,-4.4729898181686883e-01,8.3974948475389583e-02,-3.0402128632718850e-01
1.5689104358923913e+00,1.8437909263400187e+00,-7.6077353414920590e-01,8.4065726794037077e-01
-6.2484831809704111e-01,-1.1168539293915813e+00,9.5671179468112022e-01,-1.5525277122645531e+00
4.6950879711785376e-01,1.2540861278481524e-01,1.5483344247354228e-01,1.2980332465485296e+00
1.5016590685839624e+00,4.2390795708983053e-01,4.0490613053466645e-01,-1.2200656153132736e+00
1.4011674705793569e+00,1.1515336956112825e+00,1.4452121161620195e+00,1.6608582746506582e+00
-6.7694233784402491e-01,-1.0153858689349893e+00,-1.2543810368772701e+00,4.8685559938687217e-01
3.9925774238317580e-01,-2.5411687833907132e-01,-3.0853317562342425e-01,2.9193162897782032e-01
9.6948984828961893e-01,8.7357348929368150e-01,2.4162200253146842e+00,1.0503692746448223e-01
-1.5793990155172852e+00,-2.4194762508015284e+00,-2.2362019754235088e-01,-6.9662060387372637e-01
-8.0674664809968499e-01,-5.0398517635000595e-01,5.1092795370281982e-02,1.3068626866993963e-01
2.9475384248343961e-01,2.3556554586463481e+00,6.2279986085540673e-01,-1.0691586678178828e+00
1.3927869673930766e+00,1.2842269929723997e+00,3.3890330679543368e+00,-1.1604377639231582e+00
-1.4526399235848314e-01,2.2581154988442864e+00,2.2968254350375675e-01,8.2700531790060894e-01
-3.2654335552325331e-01,6.8781174140201490e-02,-8.0660706930961323e-01,5.3568779154055846e-01
-6.8485740605644241e-01,1.5258423035740148e-01,-4.6403265641824987e-01,7.0779876991218804e-01
1.6705739162312554e+00,1.6224014448854134e+00,-1.1423695685897770e+00,5.7807659376951726e-01
6.8752455596609530e-01,1.6561680304511199e+00,-2.4001068352382526e-01,1.4497709889499089e+00
9.4498094548298578e-02,8.5114419521176032e-01,-9.9392912456349647e-01,-7.1044266416579993e-01
-3.8638518349423605e-02,1.5079381158826042e+00,-6.1558385950461458e-01,-8.0724284422155423e-01
2.3277061897693593e-01,-5.1160578321613048e-01,1.0348878374197210e+00,-1.2287907736871921e+00
9.7871651455259695e-02,6.2789657309627878e-01,2.1204750307576520e-01,1.7307454188425031e+00
-3.6277053106432100e-01,2.5880643885378207e-01,-1.0346688067665708e+00,-1.4576723725657024e+00
-4.2263567436604838e-01,-1.5982793092272276e+00,-2.7989459501164915e-01,1.0436546357423291e+00
-3.0522922655325863e-01,-1.5243287573266191e+00,1.0306698020259968e+00,-1.4038566506973102e-01
2.1082724767004135e-01,-7.2860422999034369e-01,1.1207227746356081e+00,5.2953356172446009e-01
1.6746911434215908e+00,-8.6180238991417391e-01,2.8326843370960604e+00,-1.0791572918511139e-01
1.4494207015008154e+00,-2.4266527043361830e-01,-1.3560057255248037e+00,-1.3049109620976100e+00
-2.0784514671304883e+00,1.0751791909654171e+00,-5.1549436178186037e-01,8.0064672273024884e-01
-6.9470520869231489e-01,-6.5325076103689306e-01,-4.6618549703934947e-01,-9.7283302086999002e-01
9.4046845835630485e-02,-2.4958948506399020e-01,1.2198536522019177e+00,-1.2762612924185561e+00
-5.0694364493449984e-01,-1.9473316311852396e-03,-3.3345276260510276e-01,9.0551481001954581e-01
-4.5725482596227029e-01,-8.1135553039445618e-01,1.2642640856918987e+00,-1.1413908426586863e+00
2.0898410585009325e-01,-3.6696001276052359e-01,6.2290950059485184e-01,3.1574471077358923e-01
4.3608134411316690e-01,-6.4419957630544900e-01,1.4840099465558647e+00,1.7339283708016784e-01
5.2591139880625681e-01,1.2551296342413074e+00,2.6073639987014792e+00,-7.0066590140869212e-01
-9.6730897562234919e-01,1.6187637281034833e-01,5.4144921898059506e-01,3.8971291424627819e-01
-9.0718216866882762e-01,1.0480971444153195e+00,-2.1468857681021594e-01,8.8074278296253095e-01
-3.0690913579746237e-01,1.2455855534926783e+00,-2.1229877845499301e+00,-9.8464318886623059e-01
-1.3306145265127678e-01,5.2660152612023636e-01,1.0778414745678691e+00,-1.5110197829186522e+00
1.9383912659641431e+00,3.1785772576128832e+00,-1.2233297528523195e+00,-8.4017408426775808e-01
-1.0565605454702147e+00,-2.6064076633309285e-01,1.2691478555464397e-01,-1.4675705966511519e+00
1.0122438487385959e+00,-1.2483891731185875e-01,2.2057549415026343e+00,-2.1200686518790945e-01
1.4557614238861571e-01,-1.3687529235897486e-02,-9.9652801417265979e-01,-6.2470570138057613e-01
-1.6943246062763495e+00,-7.5219882109661151e-01,-5.3241719376828356e-01,-1.9576352925301057e+00
-1.0922881791819512e+00,-2.1919971230741050e-01,-6.7818068573079837e-01,5.1431689981796513e-01
-2.2290119222729099e-01,6.9980594255142595e-02,-5.3467882928016663e-01,2.8818511137847025e-01
6.7198047929236537e-01,-1.4844424662027154e+00,-1.0071135816178614e+00,2.2212588003364861e+00
-7.9735987180364265e-01,1.7249027705239903e-01,-1.6085879160812055e+00,8.1937593556789046e-01
-2.2087618273006813e+00,-7.2811124862920862e-01,-1.6792840122727717e+00,-3.4224443037591590e-01
-6.1744570191601134e-01,-6.2091519064533507e-01,-1.3275017746778772e-01,-1.2652634075523617e-01
7.0798753190871044e-01,1.7382810419209194e+00,1.3526233475324387e+00,-8.9466723316118157e-01
-3.4086862745051461e+00,-2.3997241790212964e+00,-6.7474732673924809e-01,2.2926319367884343e-01
-1.6056934461627700e-02,3.7378517682969008e-02,-8.1206192618493700e-01,-1.4917065819759396e+00
4.4282210475235041e-02,-3.6606044889687550e-01,-8.7659902003579915e-01,9.7725821783631284e-01
-1.4101242022563494e+00,1.8038852884857466e+00,-2.0481926613870027e-01,1.4843522430224410e-02
3.4641795819360610e-01,-1.3506230599617639e+00,4.5038294487734187e-01,-9.4277324452806865e-01
-1.4198538749225753e+00,1.0491469066687991e+00,-5.7240993154569375e-01,-2.8215928399763501e-04
5.2526731364405921e-01,-3.6988790948105421e-01,5.6647712834119890e-01,1.2371972234439370e+00
3.1734528581228515e-02,-2.4797213152065317e-01,1.5258235836602323e+00,-1.9785526770901551e-01
-1.0738086109876825e+00,-9.9369349749509506e-01,-1.9935902300963939e+00,7.6971662095079962e-01
-2.0380779329134078e+00,-3.4206063280274313e-02,4.2230325556267084e-01,-1.0757145335707752e+00
1.3496230686536081e+00,1.1658164483557352e+00,-3.8026630089523827e-01,-3.4347490461374108e-01
-5.6095465773586373e-01,-1.4444023569325299e+00,3.3181847773555706e-01,5.9810009033681810e-01
5.4569068762695716e-01,-6.0945964301531652e-02,-5.9431839095854866e-01,1.0860241901503914e-01
-1.3537061056089097e+00,1.6582724573652563e+00,-5.0080847534360828e-01,1.7651205024246885e-02
-1.5312424110119462e+00,-3.4509149790535529e+00,-9.3546339886259777e-01,2.9131297949488932e-01
3.3487212497223912e-01,-1.2978744396705073e+00,-1.1264692609176454e+00,3.3309459154948823e-01
2.0872342522190666e+00,6.1027168903452789e-01,1.5600875209938767e+00,-1.0289558308781765e-01
1.8944917644878664e-01,1.0881928314745430e+00,-1.1187754502615975e-01,4.8099991075855733e-02
-8.6870540652017370e-01,-2.8098137245073129e-01,-1.4541498973864957e+00,2.4702758300116648e-01
-2.3858174537958526e-01,5.9751799263481709e-01,2.8747256778507219e-01,-8.9000894388818008e-01
-1.0428806108766864e+00,3.5053235306068875e-01,-1.1236831699002865e+00,7.1031675981772358e-01
-2.2751004978573550e+00,-1.2631419575813689e+00,-1.3732841948802499e+00,1.0884443250027083e+00
4.1817868038982187e-02,5.4664408038470436e-01,-5.9762733725727590e-01,1.5569239816605460e-01
-2.0496000181219157e-01,-5.7678388931824398e-01,-8.6336705469694253e-01,7.0562718071583919e-01
5.6090153964445721e-01,4.5264246474211295e-01,-8.3012706150619520e-01,1.0151623645364611e+00
1.9903001103401932e-01,-1.3025779090179457e-01,7.4103076069041762e-02,9.4044899059395382e-01
-9.8123563527853164e-01,2.9268837100416689e-01,-4.3867585854353242e-01,-1.7885611106511075e+00
1.6278752240343670e+00,1.4267706047355666e+00,-1.5494651210713626e+00,1.6572720657218792e-01
1.2613140454440106e+00,9.5396141560814018e-01,5.2807317423520439e-01,-1.2708220780784927e+00
-5.4626839217072698e-01,-6.6564118532020133e-01,-7.6404156988513483e-01,-6.2337467023427273e-01
7.3977666596175592e-02,6.0625970542592988e-01,8.5401684502779393e-02,8.1527374009563169e-01
-2.7226931086623879e-01,-1.3938198694312010e+00,-4.0478590512262089e-02,7.2959833965210585e-01
-6.4314812434298307e-01,1.1821568246386471e-02,5.3038240494183275e-01,5.2774844161025680e-01
-1.6927556802976287e-01,-7.1370571194312915e-01,7.8237452694310844e-02,4.3507403616686557e-01
-1.9332738630330946e+00,-4.1708966282966164e-01,1.5482113404037343e-01,-5.6600668938135881e-02
-1.3917885293425378e+00,-6.7090103758395037e-01,-1.5860710763213562e-01,-1.1232456826036509e-01
-1.2319229070526130e+00,3.6952563459580451e-01,-8.0193339001249683e-02,-2.3121730327033765e-01
4.6058843203856337e-01,8.4715277333253602e-01,-8.7663400910264044e-01,-6.2407849511376123e-02
1.9646107814089886e-01,-2.9297675248419253e-01,-8.1391419507030816e-01,1.6023570945352985e+00
5.1699233155285418e-01,4.9502482262811098e-01,1.5006033381898300e+00,-1.8858525192204778e+00
1.0126251376516036e-01,5.8857886315375663e-01,-3.1975508641120587e-01,3.2098382253094315e-01
-4.1917057159925514e-01,9.9512092601531843e-01,-2.6921742326146475e-01,6.9364843157826539e-01
5.2058823903052420e-01,-9.4298829276441298e-01,-8.9408279576470864e-02,-4.4152515317300622e-01
-1.6114056711919147e-01,4.9059912735267518e-02,3.3711930939702034e-01,-1.0305242681038014e+00
1.4311943701197150e-01,7.8654820490869315e-01,-7.7152622894558154e-01,-1.6245942058495979e+00
7.8318061919823689e-01,1.0389838849832960e+00,-1.5023782050336723e+00,7.0112914907002377e-01
1.0658487984661322e+00,-4.7399833830642918e-01,1.5121297326571146e+00,1.0871024200540547e-01
1.9445745975954742e-01,-2.0231030402364958e-01,8.3407171640304437e-02,-6.7354878470956156e-02
-5.5560847654874790e-01,1.2759242272354243e-01,-7.7253223734240906e-01,-3.7026718620982990e-01
8.5771033533307184e-01,5.0317789939095736e-01,-1.6642903045987256e-01,-1.3711565760969835e+00
8.6426272504564716e-01,-1.7309614050663125e-01,-3.4273940194532121e-01,-9.8070346514161588e-01
-1.3401721978681245e+00,-1.1957703186522766e+00,-1.5120255164106960e-01,2.6462374993271637e-01
1.1116821949770763e+00,4.7749663250714658e-01,-2.2689915144807055e-01,3.1629711498164231e-01
-3.9354562055484232e-01,2.8055957843867091e-01,9.2509840124348119e-01,-3.8113608440378999e-01
2.9819823569282250e-01,1.1408038161070273e+00,-6.7691294489327314e-01,4.9695422659341709e-02
1.4899900460882511e+00,-1.4455381800206077e+00,1.9976905011817112e-01,-3.2355068182737451e-01
-6.0443794166409648e-01,-1.4061729539577166e+00,-1.6921709391171404e+00,9.4599070353413994e-01
-1.6737124916612585e+00,3.7305275944198479e-01,5.5365381402781666e-01,-1.5225828469316111e-02
1.6478565708147375e+00,-2.6304431273542128e-01,1.2523709362812932e-01,-3.7414065455533063e-01
9.7369280061433328e-01,-5.2629805332147517e-01,3.2330396851291038e-01,-1.8139959959266241e-01
5.6444324421549075e-01,2.4096863458974876e-01,-2.4926284396592688e-01,2.7391876232948414e-01
2.7068753329244588e-01,-6.9744667632676072e-01,-1.0353886316641223e+00,4.0130661938908052e-01
-8.9485862486163570e-01,-6.3988426205506599e-01,3.8379730659246919e-01,-1.6518119513374580e-01
4.1565129646531473e-01,-1.2157427860377704e-01,-1.8262075243796430e+00,5.9142563486230726e-01
-2.9348830453779240e-01,-4.8897278059596638e-01,-1.6234949329622701e+00,-1.2450974666373673e+00
-4.5859899783398927e-01,-7.8023017223701363e-01,1.2924258928827970e+00,7.5170400153536610e-01
-1.7383084853841591e+00,-1.3343429535423621e+00,4.4707643038501577e-01,8.9875239385868755e-01
-5.5795082494536641e-01,5.4518643797686328e-01,-5.4328438989032402e-01,-1.8288879890502799e-01
-1.8579920668486314e+00,-7.0809379089735436e-01,-1.0057630936473612e+00,1.1429327515218299e+00
3.1490735098271677e-01,1.3936734163693429e+00,1.4053135703185879e+00,9.0194681816967570e-01
4.9801937238422633e-01,-8.9784946008007016e-01,-1.0228179687566510e+00,1.8173299569254788e+00
6.5828509959224213e-01,-5.8359076838466628e-01,-2.0203980667431920e+00,5.8337109388429620e-02
5.4731523294000806e-01,-4.0646512729941009e-01,5.1600248531943860e-01,2.6075674932349724e-01
4.4978820445917056e-01,-1.1123784106755871e-01,8.1685542985350834e-01,1.6207262405801199e+00
-8.6954890537238461e-01,-1.8878704259364172e+00,-1.0125906335978714e+00,1.9287886054030495e-01
7.7104405828036759e-01,1.0557413744194131e+00,-2.6716036806114130e-01,-1.2420030802126174e+00
-1.2894674025107272e-01,-8.2739267498135283e-01,1.9926088641067674e+00,-4.9740503464267449e-01
3.6488908961687416e-01,-7.5963089971752684e-01,1.1433964365836768e-01,-1.7376885237010058e+00
-8.9279829938065280e-01,3.4063382773574136e-01,-6.5546983456545871e-01,2.3265572795029228e+00
-2.4834627499669120e+00,-2.3728432406048663e+00,-1.7330479029950572e+00,1.1772955236863734e+00
-1.6067589955945070e+00,-2.7531185155711757e+00,-7.5202735015247024e-01,-1.4329338535955098e+00
4.2443656767623454e-02,-9.6633839914229436e-01,7.8697985006131599e-01,2.8755690692899416e-01
-7.8464275477673551e-01,-1.6125880099448457e+00,2.6484469400999839e+00,-3.5678833882092587e-01
8.9560815385462633e-01,7.3306484494608404e-01,-1.1902993336359782e+00,1.6506035963822119e-01
7.5158755222042606e-01,6.3088821630985692e-01,3.0293593494071058e-01,6.2936632146065630e-01
-2.3288800498662519e+00,7.0425168638350977e-01,1.8293760300703138e-01,-2.6836668460902835e-01
1.5294511880083286e+00,1.3454886651978664e+00,-1.6705468526914407e+00,-4.4500087572003799e-01
-4.7788266634131954e-01,5.8700723823543144e-01,3.0391168812617220e-01,-1.2726581062868838e+00
3.7567278076757971e-01,5.4647818217365240e-01,-6.3196394312116333e-01,-1.2447826996483473e+00
-1.4145052119776971e-01,-1.3434385283090893e+00,1.8392704672479271e-01,-1.4223235759940223e+00
-3.9125444212110272e-01,-9.3803061680777766e-01,5.9429978438322806e-01,-2.2229958553550211e-01
-6.8037860545569051e-01,-2.0455446097059932e-01,-9.7866957897791085e-01,-1.6730776103352224e-01
-1.0227995633482110e+00,-1.4234734299513334e+00,1.3113122194874000e-01,-1.4236488866618557e+00
8.5940892696143389e-01,-1.7199614289957349e-01,5.4071214406239028e-02,1.3936595698719347e+00
5.1669729300513911e-01,1.6311480095658371e-01,2.9356955018579961e-01,3.2168577018190192e-01
-1.0489361196201976e+00,6.6597915870456270e-01,-6.5524877175046736e-01,7.5451417474410931e-01
-2.0014623855939617e+00,-1.1778704977307233e+00,-1.0561629524108430e-01,1.5117435510420152e+00
-5.2665637774674767e-01,-3.7127542743842712e-01,1.2815084636225119e-01,-1.0934289157538144e+00
1.0541489320699855e+00,-4.3070705147745952e-01,-9.1853671233303208e-02,1.1572783411525367e+00
1.7571266820277379e-01,-1.2733941667573125e+00,1.1044709701446151e+00,-3.7326560942022313e-01
-1.0434136544205042e+00,7.8328151891502062e-01,-2.3101815431891792e-01,-2.0631564111057767e+00
-9.0413914241362336e-01,-8.3119829892288721e-01,1.4373584492931715e+00,6.1328954092899979e-01
3.4641795819360610e-01,-1.3506230599617639e+00,4.5038294487734187e-01,-9.4277324452806865e-01
1.4072834768676807e-02,-5.3917571287026100e-01,-3.1331156554199247e-01,1.1624332376526116e+00
1.1137879671968705e+00,-5.4038081274051009e-01,-1.3547914609194855e+00,1.5753605674978166e+00
-6.9372378525402534e-01,-3.3393032660672939e-01,7.8374960518721459e-01,1.2005404916802529e+00
-1.7512401593176546e-01,-6.3205806180804192e-01,9.6473870160254382e-01,-7.6455319166274227e-01
-4.9075650029078161e-01,-1.0408976808547321e-01,-9.0538434736377227e-01,6.5915615903464042e-01
-1.1477594588052899e-01,-5.1864978621955404e-01,-1.8215455862587850e+00,3.1492289629643433e-01
5.6091621993239305e-01,-2.6558447327289869e-01,5.8178943278576190e-01,6.1929686416145463e-02
4.6437565554958599e-01,1.5403367430569226e+00,4.3041332705360047e-01,3.6602866646338794e-01
-4.7219524200745189e-01,-9.6985412211183908e-01,-4.1040801321435039e-01,6.4468954209130858e-01
1.5954609741609543e-02,-7.0649790540895308e-01,2.8819290732820252e-01,1.1874646653404781e-01
-9.4684614576083026e-01,6.4951698772135358e-02,-3.1444829207010534e-02,-8.5288681836283287e-01
1.2733734542439712e+00,5.7351276567156551e-01,-5.8945118226583770e-01,-6.4704431618303127e-01
7.9263600095336950e-01,3.1685705583934332e-01,3.4479291897633407e-01,-1.6953781911721488e+00
9.6315641451591572e-01,-7.0307171265709423e-01,-2.2389549321360974e-01,-1.7629125072777712e+00
-1.0835718495643079e+00,-1.5026123753146414e+00,4.5704210153446839e-01,-8.6596133736488179e-01
-7.6549104620070707e-01,-3.6391836572399494e-01,1.5915290994698328e-01,-5.7764305411839423e-01
-8.4056819370880276e-02,-1.3350613818488391e-01,-4.6578412554684062e-01,-9.9134965261623198e-01
-2.0385687215889212e-01,1.1474039468901136e+00,2.9846920645973363e-01,-5.4949465770798567e-03
-1.1109442515039101e+00,-1.0600320236090027e-01,-5.5313623012579922e-03,-5.6682428152413078e-01
-3.1691890979053401e+00,-1.7235537011197857e+00,4.3019655049552230e-01,4.4721738840800884e-01
1.0136505442074943e+00,4.2709501978406711e-01,-1.1829533003007413e+00,-5.5182291363263281e-01
6.0393656294402065e-01,6.9479810188972285e-02,-9.4622447182338654e-01,-2.7271772883634465e-01
1.0147481497440018e+00,-8.5152297021954770e-01,-1.6961776164996042e-01,-6.7841104976948063e-01
1.2316801413451839e+00,1.6536510072378676e+00,1.3559045397003253e-01,8.4358350321198206e-01
-1.6867513415925153e-01,-2.9700447634455427e-02,-1.0173548467868729e+00,-6.6118479154655696e-01
1.8708936470947769e-02,-5.1974060782943576e-01,7.8327659030945518e-01,-9.8606302439084526e-01
-7.2813373514717461e-01,-1.1717095860437572e+00,1.6560938707143089e+00,1.7743645014363230e-01
2.6401733859724807e-01,-1.1875401303887680e-01,-8.7762436434721558e-01,9.0857275249232561e-01
2.3326228926830228e-01,7.0032474652107024e-01,1.0682412343908021e+00,-2.3681402007674407e-01
1.4476447922148941e-01,-2.5672406945364705e-02,-1.5355680837246026e+00,2.9314841923694884e-01
1.0167790456390415e+00,8.0673269912797885e-01,-1.0992661437126656e+00,2.9336266413679937e+00
7.3061789410821754e-01,1.4558107366020794e+00,-2.4064945233228521e-01,9.9797911901740510e-01
2.4688429855624955e-01,9.6306326849573687e-02,9.9840401102202081e-01,-2.8354588849920495e+00
-1.6335056417704956e+00,1.9896258779063780e-01,1.0006253840604638e+00,-6.7372428495593817e-01
1.1512090960686494e+00,7.8441145221497655e-01,1.0298579719220724e+00,5.3573413581054119e-01
-7.2591310140137488e-01,8.6713475391866535e-01,2.6906195810849587e-01,-1.3006250153842891e+00
1.7010358904447815e+00,8.2518221760921762e-01,1.5048663263842526e+00,-1.2455310274055864e+00
-6.2992584908478177e-01,-5.0537891772130761e-01,1.4180132009632107e+00,-1.4021142625953815e+00
-3.6126993337815977e-01,-1.1749181605948711e+00,1.0123628167642552e-01,1.0779147089379533e+00
1.7000782406873429e+00,-4.1908882657551605e-01,8.4621387526067338e-01,1.0968242109235966e+00
-5.1710498082068367e-02,-2.1500624836723636e+00,3.1763695554880927e-01,-2.5589008550828263e-01
-9.9022699561418515e-01,-1.1828543780601847e-01,-6.5381996737436532e-01,5.5734882593788182e-01
1.0822437657273103e+00,-6.5706415154489395e-01,-4.5224272810815846e-01,-6.7937895642430746e-02
4.0284420387365050e-01,-4.8200407490468544e-01,-8.3154058908662731e-01,-4.6725725771459559e-02
-1.5407771903924943e+00,-1.2513182280102901e+00,6.1236668641646519e-01,1.3617236624540947e+00
-3.5590210406789696e-01,1.5395312084355830e+00,1.0447116353471628e+00,-8.0876655968686939e-01
1.1958508219999586e+00,1.7870768731083047e+00,-1.3873655008992893e+00,8.2432114877927432e-01
-1.7120679206541994e-01,-8.6105408271753070e-01,8.2691853461587073e-01,-1.2387978320213189e-01
-1.2819154085885969e+00,-7.2702654535723965e-01,6.8335881621677919e-01,-6.0173510297348909e-01
-4.8576283193396841e-01,-6.2357655563195657e-01,1.1904335582963099e+00,5.1708198772769587e-01
3.2748020551584683e-01,-1.4439940063170003e+00,-1.1679822805357660e+00,-9.9135163747350163e-01
2.5911902103436537e+00,1.8604982926395794e+00,1.1778546911190216e-02,-7.1873742717969524e-01
1.0528455217574733e+00,3.6430791990907541e-02,1.0086110653299156e+00,2.9806386714131772e-01
7.8147359198668898e-01,1.4836199786857958e+00,4.0351199488081479e-01,-1.7408776724979591e-01
-5.1316267843805929e-01,-7.4859459567371700e-01,-8.4496451439994669e-01,7.8396072138245088e-01
1.3434296498531115e+00,9.8887099875637641e-01,-8.7020559057853164e-01,-7.3114653102962668e-02
8.3419913524621248e-02,-8.0620949099256611e-01,1.3790611707539951e-02,-1.3488736352347603e+00
2.8690033606861393e-01,-4.4519790728017372e-01,9.5621020284243248e-03,-7.9911664297664331e-01
-1.2195332326091217e+00,-1.1105677201876554e+00,-1.7115274254176103e+00,5.6444692155064147e-01
1.5307463191896985e-02,7.4974889665152644e-01,-5.8387297465310384e-01,-1.6029143220375659e+00
1.5386099005999114e+00,7.7234462685766947e-01,2.8268208076824392e-01,-8.0051420549094088e-01
6.4504151629156625e-01,-4.8093066058718364e-01,-7.2711894310112357e-01,3.0443919128227376e-01
-4.3203858513968402e-01,-1.2910349506591412e+00,7.4284754059618108e-01,-8.1537629236832920e-01
2.0034459194418805e-01,1.7678847417520851e+00,-1.4888438438577867e+00,-1.4878105234542272e+00
-7.6676404476446233e-02,-4.2591338484609575e-01,6.1894173116258777e-01,4.0657905358609236e-01
2.2538010704470057e+00,8.1442016766986403e-01,-8.4416476399859519e-01,2.4219563296933838e-01
-4.9651500758608136e-01,-9.3188996972568594e-01,1.4566502577828584e+00,1.5452985462921176e-02
4.5461452051353890e-01,6.0235578179362215e-01,-1.6861308620164384e+00,7.3873326878051482e-01
-1.4386320092637890e+00,-7.9122121393428357e-01,3.0316367810044481e-01,-8.4229943866718693e-01
-3.7284601608332107e-01,1.6052883711562553e+00,-6.4713350341032594e-02,-4.1365439340336824e-01
-2.2902467892015282e-01,1.2581396484713356e+00,2.0901264377581430e-01,6.7075500980293001e-01
7.7764703801684498e-01,1.1340559246722309e-01,-5.0580488013483992e-02,-1.9815699205037174e+00
6.9448138299620077e-01,-5.9189676277467118e-01,4.8126298937181044e-03,6.7160168346681581e-01
1.4388818133711516e+00,8.3845106320893181e-01,-4.8055025111730806e-02,6.8734127618039631e-01
4.8015935984714209e-01,-7.1354100006400745e-01,-1.1317644901761044e+00,-1.5796911078087117e-01
-7.4964299634920328e-01,2.2081801692885486e-01,-8.1215907565343015e-01,9.1286137865219330e-01
-9.2516671210178258e-02,-8.1910677989996450e-01,-7.6773098431251485e-01,-7.5915519331624859e-01
-6.7457604205535582e-01,-4.6656273393427117e-01,8.8012793151770508e-01,3.6194362801533908e-01
3.8762618721824671e-01,2.9925740087955860e-01,-1.9479120428864485e+00,1.2665357472159768e+00
-4.2238401269274950e-01,-1.0064002521944366e+00,2.0258587487391735e-01,1.5706729356015814e+00
-1.4609335567084312e+00,-1.2025456479989973e+00,-7.6536129704549460e-01,-4.7016935298441553e-01
-7.6916344473096032e-01,-6.6266513302841556e-01,-1.3077896111754528e+00,-8.8444652982365646e-02
1.0715448339463354e+00,-4.1805469264780792e-02,1.2895422223146741e-01,-3.9775076439874979e-01
4.3497709902911758e-01,-6.8390936641036648e-01,-3.9643248355924261e-02,1.1167726818265085e+00
-3.9125444212110272e-01,-9.3803061680777766e-01,5.9429978438322806e-01,-2.2229958553550211e-01
1.2920808029578679e-01,-1.0068697006522238e+00,8.2237528917771052e-01,-1.7066247624283424e+00
1.9202145477333649e-01,2.1088226445799374e+00,1.6505539720296253e-01,1.2121369286099499e+00
1.4275779582537789e+00,1.3417764675223991e+00,-1.2662828005383622e+00,1.4215347571129738e-01
-6.6390193580210999e-01,4.6548563286604394e-02,-1.4765017354925900e+00,1.5188680456751069e-01
-1.5289141996036879e-01,7.7120728173393494e-01,1.0483237873712816e+00,-1.0651092956161270e+00
-7.3647172691483542e-01,-1.1303223294284668e+00,-5.7421027709498151e-01,5.0694176325846241e-01
1.3270597853463972e+00,-8.2322518261054822e-01,-7.7907373157621182e-02,-4.9515162863935402e-01
1.3850893160987598e+00,-3.9830168516443964e-01,1.4343656534311462e+00,-1.8515896311512295e-01
-2.0380779329134078e+00,-3.4206063280274313e-02,4.2230325556267084e-01,-1.0757145335707752e+00
-1.6081130294169823e+00,1.5756763500043020e-01,-1.4551119863134694e+00,4.4771382778993429e-01
-1.3640536542345394e+00,4.8743207034221936e-01,2.9109612455220777e+00,-8.5779394691127475e-01
-2.0971245429900509e-01,1.3899457865085603e+00,6.1873110178208779e-01,-3.0828797148693399e-01
1.2777377888023715e+00,5.7564722775965960e-01,1.2552539126692035e+00,3.9950353737416722e-01
4.3382714103926856e-01,1.6695631672409776e+00,-1.1815691259824455e+00,-6.7998942146206165e-01
-6.4996165195166433e-01,-1.7353050324508262e-02,-9.6985861762905756e-01,-1.3005490608653643e+00
2.2701163709521652e-01,6.7322715890703211e-01,7.8056011458398022e-01,-3.3909510645167118e-02
-4.8875596576505487e-01,1.1092373252310448e+00,7.4755447206540704e-01,4.3996535887780541e-01
1.5811384702675424e+00,-2.5053443543397569e-01,2.7052482915942252e-02,1.6801160698838982e+00
3.3807937624153417e-01,9.3737595544928420e-01,-7.6789951132695419e-02,-2.3774570805702013e+00
-1.2266558833759684e+00,4.0371741854070164e-02,-6.2572193948746380e-01,4.3117830415409064e-01
1.0188571332832104e+00,1.6569622262017856e+00,-1.3825772307257658e+00,5.9525982135822608e-01
1.6351148216850897e+00,-6.5079264273638338e-01,-1.5371204688705393e+00,-1.2205339789767187e+00
1.8607290051071207e-01,-2.8775259788694378e+00,-3.9536022737200810e-01,6.3604407826771880e-01
-1.4007661398488698e+00,-4.4677136251918581e-01,-1.0053332351529266e-02,-2.3591704793387872e-01
1.9649371430573781e-01,-4.5732444129480809e-01,4.1401335551281215e-01,1.6151946933090555e-01
8.5441342696196598e-01,9.6835248403685592e-01,-1.5782038666842548e+00,4.1917152341416719e-01
-2.0734694536202345e+00,-1.3748547782865133e+00,-1.2413568121733265e+00,-1.1384231924244550e+00
-5.2051097857163930e-01,-8.5110530853215627e-01,-2.9627250159468199e-01,6.3695411978367283e-02
7.9048918520065059e-01,-4.6848856146683426e-01,-2.3393434370242954e+00,-4.8090299434830841e-01
7.1975748115771865e-01,4.3326619317056358e-01,2.5322437424251326e-01,7.5472898317512771e-01
2.3781707004822206e+00,2.3356733006630743e+00,-1.3952806669583091e+00,-7.1208328864738557e-01
-9.4520798498477754e-01,-2.2151816251250347e-01,-1.5909004933606088e-01,-2.5873670469629242e+00
-3.2475708316015402e-03,2.6427172147519112e-01,-1.0563185163274358e+00,1.5097242621344953e+00
-4.6523750965704763e-01,5.0325338642051487e-01,2.7907788765542906e-02,1.2304179037625835e+00
1.3589103975461939e-01,7.3241448008441026e-02,1.4357204010765137e+00,-1.0370128136154777e-01
4.7285502779466060e-01,1.0477229792932246e+00,6.4715426875156898e-02,9.5330275803971443e-01
3.9900564183420389e-01,1.5969167344568180e-01,1.3267694033720812e+00,-6.3287337954061051e-01
-1.9973564959430443e+00,-9.2702217123147301e-01,5.2171385451560837e-01,8.7957847276561341e-01
-3.0942304692142641e-01,1.6761795947894487e+00,1.0245277640402364e+00,-9.8325010958460912e-01
-8.9560188713461530e-01,8.9331446388797064e-01,1.5984085104221142e+00,2.9839235969982997e-01
-2.8491631014818358e-01,-1.3915842694923188e+00,-1.2173312152943585e+00,-7.9656823449484104e-01
-3.0856732098668911e-02,-8.8896521712208854e-01,-1.0826374645568757e+00,7.2865507730728019e-01
-2.5503266873547947e-01,2.9637130912202064e-01,9.7748311254808495e-01,-1.8050231198043583e+00
6.4388831744798292e-01,3.3560927230391441e-01,1.7751557243471480e-01,1.5170358278930401e-01
-6.3040624855211413e-01,-1.5208897126970977e+00,8.1931200663361703e-01,1.8532168507764024e-01
6.2798558467098908e-01,-1.7681028588589420e+00,-1.4739237337177796e-01,8.0475318909831906e-01
-1.2353212571430268e+00,-2.6473685969793470e-01,-1.0742535725189863e-01,-1.1965570023909242e-01
7.2923666097283768e-01,-2.4803717478636425e-01,3.6317058957354886e-01,1.4457303977678044e+00
5.6091621993239305e-01,-2.6558447327289869e-01,5.8178943278576190e-01,6.1929686416145463e-02
-7.5374722459190380e-01,-1.2900586331090473e+00,-8.1472297312152120e-01,-6.1992150864758477e-01
6.5121212464634992e-01,-2.2143440884340921e+00,8.6015076853146344e-01,9.0258039987381400e-01
2.8690033606861393e-01,-4.4519790728017372e-01,9.5621020284243248e-03,-7.9911664297664331e-01
4.1098930025383612e-01,5.3674892693758178e-02,3.5540897275726940e-01,6.7474078554334183e-01
-3.3498226197201514e-01,5.6688085993783965e-01,-6.9205181182168130e-01,5.8622915965100453e-01
6.2615116850008790e-01,-9.9982322204007201e-01,-1.2597343920928041e+00,-4.2257745821995524e-01
3.0565230910656599e-01,-4.3586911968956593e-01,-2.7097119827632016e-01,-5.2390491200637845e-01
6.2661300264302566e-01,-9.4940359984618727e-01,-2.6104811248980875e-01,1.2543602387179968e+00
-8.1340526104056954e-01,-2.7598364904107303e-02,7.5947558977288487e-01,-3.5048860194311909e-01
2.0345983452044833e-01,5.0822147235265513e-01,1.9485419685313782e-01,-1.5261976005298683e+00
1.4599233099909450e+00,-2.8393185339261201e-01,3.8013944579255488e-01,-9.8999972860612781e-02
-2.0531878920311823e-02,-9.6679243604833898e-01,8.9699151835795365e-01,-7.1969965809423642e-01
8.5023869955206688e-01,9.2099589977656970e-01,1.8569892927672757e-01,-2.2669340166934271e+00
1.4818469166367330e+00,9.2660826149087905e-01,-2.7664113202193014e-01,1.1436467496498324e+00
-2.1521512565177883e-01,-1.4050084667316149e+00,-1.0740733925845474e+00,-6.6745313869974587e-01
-6.7656013778052693e-01,-4.7549033336102076e-01,4.6208561357851480e-01,-4.8477409589770692e-01
