"X0","X1","X2","X3"
-1.0413147696025165e+00,-1.1057829098522070e+00,6.6379121397567775e-01,4.4497316801675013e-01
1.4019310157768128e-01,7.0772500088553092e-01,2.0232648064161487e+00,-2.7967646318806799e-01
-9.7899003099848947e-01,3.4747930504234598e-01,-8.8536798376709047e-01,1.2060425349517558e+00
-9.3859847552899944e-01,1.9412441183082578e+00,7.0756466015826747e-01,7.6903843907952685e-01
-5.3027012052416300e-01,-1.3108719925693491e+00,2.4686635457000092e-01,-1.4326215918993221e-01
-9.0348574619008337e-01,-3.0294714287418045e-01,7.5855822409646678e-01,-8.5822046182628808e-01
-2.8491631014818358e-01,-1.3915842694923188e+00,-1.2173312152943585e+00,-7.9656823449484104e-01
-1.1866086429848377e+00,-2.0263466065695934e+00,-8.1652822357431742e-01,-2.5715838537585700e-01
-8.1093604101577021e-01,-6.4696089705893345e-01,-1.4854842708927134e+00,-5.3715656427064906e-01
-2.1663280357388834e+00,-1.7266526895186742e+00,-2.2921353884399220e+00,8.7418516411735836e-01
8.5514051086039711e-01,-3.8145667263568417e-01,4.9873171056789506e-01,6.3427514212396474e-01
-7.8321747208435244e-01,1.4890819218443790e-02,2.5960581943344785e-01,-1.4084293581494269e+00
7.0545305649844836e-01,3.8845387844843571e-01,1.0189153915273725e+00,-5.7419149965699967e-01
5.6838402831303381e-01,-1.0009025690718825e+00,1.3459316247407145e+00,3.6469030161208887e-01
-5.8439319396808032e-01,-1.4002864569634108e+00,1.8713342695917493e-01,6.2133546967888136e-02
8.5422199170123447e-01,-6.9746657069225004e-01,2.1743440245633652e+00,-6.9964794118134277e-01
6.7628583307104262e-01,1.5426525255684831e-03,9.9830761575590488e-01,-1.9245888573795894e-01
-4.3628703857480744e-01,-6.5364674314906401e-01,1.7159592451777561e+00,-1.5531858674121307e-01
4.3567778278310360e-01,2.2881586839671590e+00,1.5277658020345073e+00,-3.0663130497619207e-02
-1.5457636505546305e-02,6.4046893679466910e-01,-2.4484669731917241e-01,1.9284840850303614e-01
