"X0","X1","X2","X3"
-1.8158932628926110e+00,-1.0803979559526398e+00,8.1781136654651282e-02,-6.6340911053645979e-01
4.1642132447207580e-01,2.4780028513682451e-01,8.7074089327475823e-01,-7.8908322313699419e-01
4.6215630003923552e-01,-4.3359174055844996e-01,-1.2023490776504704e+00,1.2453207068174985e-01
3.4845573617296971e-01,-1.2091242854910786e+00,1.0847083389849521e+00,-9.5239818177220137e-01
1.1941509132816568e+00,-2.5424852813502652e-02,-5.9806842452499853e-01,1.5952142631613400e+00
2.4894591488664091e+00,5.5346065447089621e-01,5.2995794955601250e-01,-1.3876987139117232e+00
-7.8719025838281631e-01,8.1119420274337495e-02,2.3241448594669123e+00,-4.9674122166744078e-01
2.6395377811152176e-01,1.9152728170314246e+00,2.1850439391792316e+00,-1.7373616144134947e+00
2.8794632672928200e-01,1.4062884019497321e+00,3.8050069804502978e-01,-6.1472201593341602e-01
-1.3604008050399898e+00,-6.6369792709715636e-01,-6.8104806494129710e-01,7.8248588289749821e-01
-1.3718447856062577e-01,1.2427222937083202e+00,8.7091798551013677e-02,1.7118690391642483e-01
-2.8514313106351108e-01,2.1074567425354735e+00,6.2391950936571172e-01,-2.0924092890217544e-01
-4.9624655847526633e-01,5.3052395740057900e-01,-4.2461898941555032e-01,-1.0696792635759698e+00
8.9560815385462633e-01,7.3306484494608404e-01,-1.1902993336359782e+00,1.6506035963822119e-01
-4.8262487768999725e-02,4.2754015973210596e-01,-1.1357217378473032e+00,2.6276387790958786e+00
-2.0874165747365243e+00,-1.3117373341876029e+00,2.2870736534536315e-01,-3.7903834596300445e-01
-1.6564166402510794e+00,9.2938248334372964e-01,-3.5104683153511507e-01,-1.8153350234164334e+00
7.3175332260026704e-01,1.3318719973333231e+00,-2.6574227618732826e-01,-1.2925632595811916e+00
-6.2979585896231760e-01,-3.1916039196085988e-01,1.3340044942774492e+00,-1.1248447268609991e+00
-2.5180814751084046e-01,-6.7588777976355374e-01,2.2481208672662195e-01,7.9490322078776743e-01
-1.5193084156342953e+00,-2.4521806907987903e-01,2.2819620392556211e-01,1.6704098054896839e+00
-5.0680961462567486e-01,-2.1394898967541716e+00,-5.1201137345362557e-01,-2.8861221211824495e-01
2.5013782861617578e-01,9.0385180042455726e-01,1.3055439886093516e+00,6.0207361372860768e-01
-8.2492658491368692e-02,-5.9121220665154905e-01,2.0322061529115851e+00,-3.8137031268023724e-01
1.4237217291037116e+00,-8.0796780456353767e-01,5.3820735070050341e-01,-1.1993914166426387e+00
6.6289997189530936e-01,4.3781697814307124e-01,2.1558829974337836e+00,-8.1140195926865188e-01
-1.3395802491795885e+00,1.0609959306742165e+00,-2.9442639196862430e-01,-1.2931643844806897e+00
-7.4728551621660422e-01,6.2118924739702752e-01,-1.3996424630837325e+00,1.5797754565824602e+00
1.5129327492325231e+00,1.9288756409789037e-01,-1.4943516543490909e+00,5.4398133249863023e-01
-1.0441046308075275e+00,-2.8665712401880578e-01,8.2865069880913078e-01,1.0700227324728593e+00
8.7085763587515283e-02,-6.6476820218350730e-01,4.2324978111523792e-01,8.4531926327349560e-01
2.9217051258997656e-01,9.7348658401468635e-01,1.9943151899566242e-01,-1.2351758595470248e+00
-9.2134128835434181e-01,-2.7003153019638959e-02,8.5002685597246663e-02,-9.3355384120828055e-01
5.9469909213767003e-01,-2.2124957083139526e-01,2.2508824412894465e-01,1.1326024413337994e+00
-6.4813296803282128e-01,-6.4918658567575116e-01,5.6023653114986627e-01,-1.9537499511494416e-02
-7.2359872350333365e-01,-2.2484306398183396e+00,-3.7252305905271055e-01,1.3682112167660272e+00
-3.0483389855411519e-01,-5.8210739439650189e-02,-8.2292971036723161e-01,4.4801093594740071e-01
1.5408997181397692e+00,-5.4940840641086663e-01,4.4019996835184988e-01,9.8704448475777984e-01
-2.7250890045183072e-02,-6.5165998758996826e-02,1.4010801398193025e+00,-4.2483203389515839e-01
-2.7073847141663548e-01,2.3282346619667185e+00,1.7435283664808754e+00,-6.4870860624355020e-01
2.6166413051553222e-01,-1.6697540851300602e-01,2.1240014076723259e+00,-5.3248781734681716e-01
2.0201140982135710e+00,4.3795615107094382e-01,-1.3221738669768368e+00,1.0179151155717552e+00
-1.4819786741502932e+00,-9.7767591173020640e-02,-1.3281448589786389e+00,-9.5452991089151706e-01
-7.0677001198649003e-01,-7.9320324374641049e-01,-3.3077483689485471e-01,7.2527219152010969e-01
-6.8560333423904207e-01,-7.9385467556564993e-01,1.3828393397389349e+00,-1.0008279117539773e+00
-9.8266013966137200e-01,-7.1595427303185266e-01,1.0815108421351907e+00,3.6238663628238238e-01
-5.1649368684899732e-01,-1.3895443913955061e-01,-2.0033866715642293e-02,-4.1544604510578564e-01
-1.1924170089244128e+00,-1.2287176788406924e+00,7.6615441602341183e-01,-2.4702975116999348e+00
6.1390320749532885e-02,-7.2805940696027871e-01,4.6225937455811766e-01,-2.3636312072754354e-01
-4.7792337050940370e-01,-1.3566621586336405e-01,4.4203210804939580e-01,1.6365816545786241e-01
7.3574432006947232e-01,2.9832377828730811e-01,6.0546555741229080e-01,-1.3891808562445249e+00
-1.8126137023322995e+00,4.5310924997164526e-01,-1.0315584787954752e+00,-6.6764389572925353e-02
-5.0528105743119467e-01,-5.6062356247116585e-01,-1.0069578485007640e+00,1.6577430875890435e+00
8.6972280592412021e-02,-6.2588722392091634e-01,3.4002639926540290e+00,-1.0556112563694724e+00
-1.9870793456064402e+00,8.6820900183374872e-01,7.6412853507790457e-01,-1.9240290789421013e+00
4.0605507479139560e-02,-1.0465818918543617e+00,8.5042516254495115e-01,1.8895475892618230e-01
1.7107482306801334e+00,1.1250492335018349e+00,-1.0887026057131053e+00,9.4847886190374897e-01
-4.8124415080591315e-01,-7.9965979932088427e-03,1.8305190700074028e+00,-2.0300358097435973e+00
-1.2626238553154778e+00,-1.7625372805817774e+00,3.2843592539664157e-01,-2.3607664954679017e+00
-1.0441046308075275e+00,-2.8665712401880578e-01,8.2865069880913078e-01,1.0700227324728593e+00
-6.4487060579909550e-01,-1.2407536305722634e-01,-6.0318660246461520e-01,-7.2332891971520707e-01
-6.0443794166409648e-01,-1.4061729539577166e+00,-1.6921709391171404e+00,9.4599070353413994e-01
-1.7015034667538582e+00,8.8277751371360624e-01,-2.3925078078596553e+00,-5.4267446056144075e-01
-2.1628659988587304e+00,2.8704509443587778e-01,-2.6590687595754314e-01,1.4843463715230731e-01
1.0455232455189669e+00,1.9378487111584669e-01,4.9938714211143703e-01,-5.3671748511658512e-01
1.3988773308172717e+00,7.1911929336922875e-01,2.4536425309495782e-01,-4.4806142412548419e-02
1.4330349956162607e+00,5.5264802580733607e-01,-6.1226655078761894e-01,1.6034339740804118e+00
6.9895257908350894e-01,1.8786402480255995e+00,-5.9789798176484343e-01,2.0620802605168925e-01
-1.4395987548049425e+00,9.0883213889741721e-01,-1.2954839615764568e+00,1.9001291673879712e+00
-2.7644215069049740e+00,-1.1782528732886084e+00,6.6621177493246109e-01,-1.0279599626718872e+00
-5.4626839217072698e-01,-6.6564118532020133e-01,-7.6404156988513483e-01,-6.2337467023427273e-01
1.0746760042523230e-01,-5.7897122510570553e-01,1.1391341528704642e+00,7.8042294774060461e-01
-1.6872220647710341e+00,-1.6695065364264172e+00,-4.9851483163590254e-01,-2.2909933583381889e-01
-7.6676404476446233e-02,-4.2591338484609575e-01,6.1894173116258777e-01,4.0657905358609236e-01
-1.7205459168790160e+00,-4.1610725476809829e-01,1.8990681385635805e-01,7.7374579568200791e-02
-1.4083297900636826e-01,-1.2862629827355307e+00,8.2388827278283991e-02,-3.9770093872666612e-01
-1.1095835069418183e+00,1.2382040592356075e-01,1.2724942401046966e+00,-7.6577037283923899e-01
1.1489566221402345e+00,-1.1110504164973087e+00,-1.7380425280350194e+00,-6.8640466501050990e-01
-9.8931112326750592e-01,6.1893776429914449e-01,-1.5744165717308563e+00,7.7171320126194209e-01
-6.3482476318656278e-02,4.8215809630482975e-01,6.3853509630197014e-01,-3.4879121829427084e-01
-1.2100286098863366e+00,-1.4778806674726441e+00,-1.7861822774287126e+00,-9.0001146423379708e-01
-4.8942653063748331e-01,1.8916297420994208e+00,-1.0196508840275202e-01,3.4100900935180251e-01
4.9128728338711014e-01,-2.0758551780916692e+00,4.9169126385682504e-01,-6.0699120909472315e-01
-1.4256416579703515e+00,-3.9897435191613562e-01,4.8934012574989261e-01,-3.8027628671326585e-01
-2.8257543484788115e+00,7.6874243950895238e-01,-6.1559029134340071e-01,1.0067872407668701e+00
-2.5667121566784429e-01,9.5742651943642720e-01,8.8596640512382729e-01,-1.3184892217033650e+00
2.0811352130704865e-02,-5.4630271887503179e-01,-8.0044074138643262e-01,1.2381192987334932e+00
1.0741847365257700e+00,7.9122155745006040e-01,2.6623365105552871e-01,-1.5512310762627697e+00
