"X0","X1","X2","X3"
-2.1693584851251349e-01,1.4419622023846064e+00,3.9009775318540174e-01,1.0811191231464918e+00
4.6627102807470633e-01,1.5453502318627879e+00,1.9553917501827195e-01,7.0997791835952090e-04
8.4836418563209504e-02,-7.2133021032877637e-02,-1.2221747480412579e+00,1.5764732272291258e+00
7.4420266946308850e-02,-1.3139597901131972e-01,-2.2841841290109632e-01,1.5122184648418378e+00
-3.4093754766848761e-01,-1.8645956357656213e+00,2.1332485930632261e+00,5.6403531123883965e-01
-1.6737124916612585e+00,3.7305275944198479e-01,5.5365381402781666e-01,-1.5225828469316111e-02
-2.2560954576830308e+00,1.7301800640817522e-01,-2.5275764785383031e-01,2.6803239223364878e-01
7.9146619259485163e-01,-4.2551556451106054e-01,-1.5836587726949536e+00,4.5502410353071376e-01
2.3584635191541350e-01,5.1123842276464415e-01,1.1045261299338749e+00,3.0674526687424675e-01
3.1814855089540506e-01,-1.5434734373096699e+00,7.5246476785734506e-01,-9.1554999265473413e-01
1.9337266197234950e+00,2.2076755766816634e+00,4.8170378220207749e-01,-5.9743392661410144e-01
-3.5801316742200040e-01,2.9163728560575658e-01,-1.6492480116739011e-01,-1.8608504447168108e+00
2.3008146330507384e+00,2.1638837137146645e+00,-8.3408225407223091e-01,-3.5074328768249680e-01
1.6474647049935267e+00,-2.6909523967330645e-01,-1.4999420053923309e+00,2.0445294766288153e+00
-8.9299734434132771e-01,1.1756772217852168e-01,2.5877547286615088e+00,-6.2980929444514711e-01
1.7126685207332396e-01,8.2939550198370915e-01,4.1371028849882485e-01,-1.3615535533136265e+00
-7.0128597242333168e-01,7.5293425024578098e-01,-1.5760010121793577e+00,4.5612221140288056e-01
7.4000523729197398e-01,-1.2088820996413538e-01,1.1772534981304241e+00,-2.6653337531584471e+00
1.0716649380913694e+00,-1.1580091847935303e+00,-5.6087311471888313e-01,-6.5837250015640114e-02
1.5360338584184836e+00,-1.3776493289633657e-01,9.4784843863200430e-01,3.5070601802764884e-01
-4.9606146926131009e-03,-8.3691783075770942e-01,1.1773631504184598e+00,2.1711806215998775e-03
-1.3304083988682680e+00,-7.5082793363836031e-01,-4.5210004863732811e-01,2.0945223771894553e-01
1.8143624774656593e+00,7.6862314282486921e-01,-2.4693329814627507e+00,6.3525397113812776e-01
-9.0214484640846582e-01,-1.2425222794863475e-01,4.2010302219306950e-01,-6.1508269716070685e-01
2.1036732818883168e+00,-1.1231722944968179e+00,3.4362858689842407e-01,1.0446057398860316e-01
-7.3532651599114041e-01,1.7569935905299661e-01,-1.2103594429592023e-01,9.2942070474544680e-01
8.9371091264209324e-01,-1.3896680867100593e+00,-1.8298316741149199e+00,7.0665457320407599e-01
-3.9994319980931170e-01,-9.4312913059767689e-01,-3.2369671488069490e-01,1.0919208334141093e+00
1.5791455617968788e+00,-7.9730816125748150e-01,1.7369518924898594e-01,-1.5057749536728589e+00
