"X0","X1","X2","X3"
-7.2518927491508778e-01,5.5475687370090776e-01,8.5064209698057936e-03,1.2425312356869367e+00
4.7760634901750859e-01,-2.0822753545203776e+00,1.0795837169686424e+00,-1.5411741415709588e+00
3.4524972273758775e-01,2.9378801932120951e-01,1.3121989188524250e-01,5.2264204081157906e-01
-5.3157182641559897e-01,-8.4809933524255432e-01,4.1586599383019668e-01,-8.4816222980381484e-01
-2.5222598858688483e-01,-9.5299066924228359e-01,9.9896171837534931e-01,1.3149792556865419e-01
-2.0625192205797263e-01,-7.7633646683940816e-01,9.5288211328323169e-01,-1.0489008829628210e+00
1.0340341426005553e+00,-6.5154167698008947e-01,-8.1465364299151921e-01,7.3776208196454252e-01
-1.4266908364351178e+00,-2.2714293813347366e+00,-4.2959768561723127e-01,1.7242740275051562e+00
8.9654522356628752e-01,-7.8477126938837594e-01,9.1098762190789151e-01,-7.7483473863131369e-01
-1.8333840566136153e-01,-3.5912309846283012e-02,6.0930484577105835e-02,-1.0032414697403855e+00
-1.6600365442360556e+00,-6.6456520156675913e-01,1.5930642530908159e+00,-2.4376307673008979e-01
5.2271982631165259e-01,4.4077696563343938e-01,3.4943538968677512e-01,-8.0914671431185670e-01
1.5812054092612202e-01,-1.5658247237858307e+00,-4.5489986415129197e-01,-1.9241534023792545e-01
6.8468860340887139e-01,1.5107462610399824e-01,-9.4580322889666266e-02,-3.4167960168422933e-02
1.3036936727104693e+00,-2.5151619012261206e-02,5.9077463035827515e-01,3.0712076744010663e-01
-2.4678899194948292e-01,1.4890272725134782e-02,-7.2113549604953098e-01,-1.5183400053391467e+00
-2.2569434390597300e-02,5.0339995809191251e-01,1.9836603877909564e-01,-8.8298719835963810e-02
-7.6183552323015602e-01,-8.6572119761622313e-01,-1.9253578707270230e-01,1.9860319842489478e+00
-6.0541582276972172e-01,3.5686224706937347e-01,1.2598919796274199e+00,1.1321343293795789e+00
1.2338097142660986e+00,-7.7082908963325303e-01,1.4067070654593758e+00,4.2019134031638866e-01
5.1794450767072098e-01,2.0804256482459144e-01,-5.0955257974594115e-01,-6.6151788305301795e-01
4.6514788727966333e-01,1.1298761714065328e+00,-1.6631476640704961e+00,1.2366960941197600e+00
-4.9491185593784759e-01,7.9020465953735508e-01,2.9648605163056035e-01,-2.6473224483096613e-01
-4.6756604357159887e-01,6.1568593368105073e-01,7.8839107459349844e-01,3.2767246152114277e-01
-3.8761530056448090e-01,-5.2822838142261763e-01,8.4623735566135438e-01,-6.7718176889294135e-01
1.0110168557859744e+00,7.5924512493933227e-01,-1.0320075246288545e+00,1.8747748934984292e+00
-5.8293359237898426e-02,-5.4923125902221592e-01,1.4027745109270906e+00,-2.2337626322542703e+00
-5.0403294608664806e-01,-9.8619617221350497e-01,-1.5616283485101368e+00,1.0164667122250381e-01
-6.3645853102869931e-01,-7.4368165532797215e-01,5.7965864152834246e-01,-1.7489941827744160e+00
5.3436713432684224e-01,-6.3314595712992017e-01,2.4341676142533886e+00,-1.5400101304772824e+00
7.4752894179660723e-01,6.7018524053079276e-01,-1.4745483112465494e+00,5.4620945184238290e-01
-1.8638050600078668e-01,-4.2745949431011732e-03,-9.7194319868260393e-01,-3.5120560164085518e-01
-1.6909867383622128e+00,2.9090778105895854e-01,4.1436432691198294e-01,-7.0021133950274883e-01
8.4836418563209504e-02,-7.2133021032877637e-02,-1.2221747480412579e+00,1.5764732272291258e+00
9.2265751681243791e-01,1.3116670653798379e+00,7.5050728045739501e-01,-2.9092674190947521e-01
-1.2274061813850932e+00,4.2000323899513636e-02,-1.4488173562103501e+00,-2.4637914628863289e-01
-5.9463701930797808e-01,4.1608592376495945e-02,-6.8171384023436155e-01,-4.7845783138700404e-01
4.9128728338711014e-01,-2.0758551780916692e+00,4.9169126385682504e-01,-6.0699120909472315e-01
2.8794632672928200e-01,1.4062884019497321e+00,3.8050069804502978e-01,-6.1472201593341602e-01
1.8884334318950094e-01,9.5667628256585757e-01,1.3029638164665340e+00,9.2642233413443409e-02
-1.5234748928189776e+00,-1.3366888181595016e+00,2.6482771414125988e-01,-4.8909053305441152e-01
1.4919432675932329e-01,-3.7946936747478072e-01,5.2477355938721792e-01,-1.0331711942740320e+00
-2.4551860590572280e-01,-1.3260221983280360e+00,-4.1908691839384138e-01,-6.8940974138861388e-01
3.9159130970998846e-01,-4.2929827587427705e-01,1.4117171359741334e+00,-4.8545020732337674e-01
6.4099937035967880e-01,8.3810650140545850e-01,9.9904337195112025e-01,1.0349849992505398e+00
4.3848054035835959e-01,1.4697460132151776e+00,-1.7872067777573510e+00,1.1631588054457911e+00
-1.1029015895005081e+00,-1.1789763676073092e-01,1.1074855764558283e-01,-1.9340494152769454e+00
1.3637658945292832e+00,-3.5197376711774203e-01,-3.9324108199918101e-01,-5.3604290191819126e-01
-1.7241080882602386e+00,-2.8760684801656633e-01,-1.5534311896951147e+00,6.3455789150260378e-01
-6.0476943250697979e-01,-2.6920532044146661e-01,-9.4268687012100760e-01,1.5949621783790574e-01
8.3255074377982086e-01,8.9072396022078992e-01,-6.3034683936058244e-01,1.5758994529952179e+00
9.5283116817441893e-01,2.2186100270427671e+00,8.8728469826316214e-01,-2.5027232625454898e-01
-8.7085586913550395e-01,-6.9989208954508964e-01,1.3882515548849070e+00,4.6451638102547266e-02
8.9496483819278416e-01,1.1447921972530193e+00,6.6010760334623431e-01,-3.4337500238296181e-02
-4.5712044157604198e-01,9.1674963254041852e-01,-1.7755463368638508e-01,1.1652946564650588e+00
9.5290711014689877e-01,1.1519579684376966e+00,-1.8352472061887422e+00,-2.6146542748253865e-01
-1.8607002561383650e+00,-8.5028468322973083e-01,-1.1457380338256105e+00,-4.2615551602245544e-01
8.2971754804653874e-01,4.2254833300090711e-01,-1.4931235774749960e-01,3.3141641215198125e-01
1.0589500970241024e+00,-1.0884219809606905e+00,-6.6663131837579659e-01,1.2728721569367010e+00
-4.7124249593665174e-01,1.2900792601597763e-01,2.2688751867801535e-01,-6.0749679800459055e-01
2.2937204779893264e-01,-1.9326282663069114e+00,3.9092451859623140e-01,-8.3101682025012003e-01
