"X0","X1","X2","X3"
1.1055757025476949e+00,-1.4449517758443092e-01,-4.1769699476293783e-02,-5.4394784751695381e-02
5.2121878614956796e-01,2.7218762967946880e-01,4.8946563134716953e-01,-1.0728932615700815e-01
4.5879712616126528e-01,-9.5280482760397500e-01,-8.4856041844891461e-01,-2.2988818977185677e-01
-5.4562439182073996e-01,6.2415458822055170e-01,5.6920804811952064e-01,-8.3463989172504582e-02
9.6041765855712624e-01,2.3533996035551774e+00,-1.4754973630038826e+00,4.2875977134448634e-01
3.8334527711900213e-01,9.2937203298276194e-01,-2.0041222862281245e+00,1.7893157433985927e+00
1.3779076693867496e+00,1.0938189560754206e+00,-1.9933431242342265e+00,1.2544598118733301e+00
-2.4973172349953582e-01,-1.0835467966712116e+00,4.2847851704268869e-01,-2.0044641078112094e-01
1.7495562792848435e-02,6.7911170348437647e-02,3.2699363055270540e-02,1.4531129540420102e+00
1.0919843015238688e+00,-6.9906895127404556e-01,2.1522415255523394e-01,8.4264684539282209e-01
-2.5919946020284188e+00,-1.4911329946586214e+00,-1.4063726474936122e+00,4.5778256235501030e-01
-1.2696494178437854e+00,2.0080361076221193e-01,3.0238195025495490e-01,-1.5130658612550965e+00
-1.0979119422358858e+00,-6.1155527634544682e-01,1.5844071194617577e+00,-1.7917684638722300e+00
-1.7474779045127748e+00,-2.1661995903562019e+00,-1.0576925497756904e+00,1.1362694912766827e-01
1.7453667012692031e+00,1.3522610185748865e+00,1.1183852795337483e+00,-1.1217293140551434e+00
1.0570743436335441e+00,6.7180264437813086e-01,-9.3295247127191519e-02,-2.3914998395894185e-01
-1.2987776799559092e+00,-6.4921865751392827e-01,-1.2707281694600419e+00,1.1780680542901938e+00
-1.7562706161950912e+00,-2.2944965301660440e+00,2.4456443331762814e+00,-1.7512076660550009e+00
-1.7157063458850463e+00,1.7123974253750474e-01,-2.6523922679786244e-01,3.5228528615836252e-02
-8.8118238394517157e-01,-1.0884792899073314e+00,6.0287668287686580e-01,9.8686900654785203e-01
6.0330691134226705e-02,-6.6114347811291785e-01,-1.1705504271389329e+00,1.5197902870928899e+00
-5.8093264925811405e-01,-1.1079121307748179e+00,-1.1093684379819735e+00,1.1664230364748123e+00
-1.8014112240680487e+00,-2.4790276392118900e+00,-1.9565326128471812e+00,1.2359349879054253e+00
-1.2370892083227885e+00,-1.5330269700858707e+00,-2.3002714970927252e+00,-2.7721836575921721e-01
-2.9448688849669274e-01,3.9973216274037959e-01,-5.1601175395407373e-01,1.0483981786946714e+00
-6.8649710218195303e-01,-9.4764627150578518e-01,4.6602129129538497e-02,1.4654731740662594e-01
1.5697161576097809e-01,-1.0361561675333276e-01,-1.0432850779745679e+00,1.0737832282690769e+00
-8.4992417490364247e-01,8.1099410107152670e-01,2.8377534154929240e-01,-1.1365465231655829e+00
8.4093825747517614e-01,2.0104391162859887e+00,-1.1243357287049723e-02,-2.0612901369550875e-02
9.2645917457774063e-01,-1.0149726206859941e+00,-7.6543815771853430e-01,4.4861154517657825e-01
5.4050311501498416e-01,5.2981298635745286e-02,2.5240493461176777e-01,-1.5613468884718391e+00
2.3407278998526082e-01,1.9230311292768054e-01,-1.0317273136598659e+00,-1.3819105556976607e+00
-1.4337718874930836e+00,-1.1412390291286532e+00,4.3494413194211151e-01,6.7522863649881237e-01
2.8746486753015770e+00,6.9788046860141262e-01,1.2593378013058336e+00,-1.3441319944630952e+00
2.9045718517530156e-01,1.8914218504013340e+00,-1.8102117296448785e+00,9.6575500054520125e-01
5.9682127417067639e-02,-2.7258118336242271e-01,6.0208140051412717e-01,4.4782378609677831e-01
-1.1579370582763524e+00,8.4448572569016367e-01,4.2241643764347991e-01,-7.8775450667895852e-01
-7.8029349922084801e-01,1.3352408254086368e+00,4.8362362555645361e-01,-1.6623978760602179e-01
1.3249476481789024e+00,1.6234220740026220e+00,-1.2260433710965952e+00,6.2258956044260594e-01
-1.5797552441381284e+00,-1.0727363338396105e+00,1.0514635278068862e+00,-9.6571338637985049e-01
-9.3824687627937564e-01,7.4363436629619017e-01,4.5103890371958655e-01,-2.6824828591892125e-01
-1.2106920753962266e-01,-6.7328588711815995e-01,-2.3482986715048507e-01,-4.0576350761746122e-01
-1.1117805112653565e+00,4.3241449366522905e-01,4.1554103705232565e-01,-6.6522538990837410e-01
7.5308378106765117e-01,4.8506072678239281e-02,-5.1097662998544324e-01,-5.8995691452697629e-01
-1.1524286922118718e-01,-1.6054123401815004e+00,6.3313162948239465e-01,5.2599736831584587e-01
1.4434229265449888e-01,-9.5360941944290345e-01,-3.3179930040058131e-01,-7.6420262080762602e-01
-9.6094912765458662e-01,-2.4195249968379448e-01,-1.8704492037986492e-01,-3.5430160709018255e-01
1.3389146520885289e+00,-9.0288311510975050e-01,7.2597620599724216e-02,1.8858571883493111e-01
2.9536244425036801e-01,-7.8919473988151856e-02,-1.0012024328293212e+00,8.0075780750663994e-01
-9.8549181608378078e-01,-6.8801245830337410e-01,7.5245741283485124e-01,-2.0418325570647164e+00
-2.3624172989540240e-01,5.6789205943313992e-01,-4.8170520582192754e-02,-1.2109355421957706e+00
-5.9221955896616896e-01,3.9407247703534515e-02,4.1536966618236004e-01,-9.7653930409664746e-01
-1.9598125166476751e-01,7.3945363344553960e-01,-1.2907579168958150e+00,2.8790754506353783e-01
1.5485264787498804e-01,-1.5387524986468265e-01,-9.3915985176823402e-01,-1.3611052825973624e+00
7.6490215300922237e-01,5.0460983220723499e-01,-4.8291774811768923e-01,-3.8966757051041817e-01
-1.5507762629194755e-01,1.1705198563625321e+00,1.1824072145176925e+00,-1.4797916382145020e+00
1.1958685223253502e+00,9.8101035771695955e-01,1.0209814514586768e+00,-7.8912658384698853e-01
4.1440924691956360e-01,-3.9189163812102074e-01,1.9175546800707908e+00,-1.7912208123473581e+00
4.6627102807470633e-01,1.5453502318627879e+00,1.9553917501827195e-01,7.0997791835952090e-04
1.9617523216073451e-01,-8.3949444879856705e-01,-1.1696906022778266e+00,-1.1012533400455158e+00
1.9427904359316344e+00,1.3852500791337827e+00,-2.4022689284967716e-01,6.3038575713919598e-01
-1.0204499900831345e+00,2.1880504998133282e-01,-3.0458718783722294e-01,-6.2255833728244378e-02
7.6658590075018340e-01,-7.5327708977401731e-01,-8.7107561181919824e-01,-2.3334058636211036e-01
-4.1938965343010087e-01,3.5889990241379210e-01,9.3435882179336194e-01,5.8992283102211851e-01
-1.4139377657134671e+00,-1.9601701441754377e-01,5.6364194456149452e-01,-1.4399630029976125e+00
7.7503520508780521e-01,-1.8557189445609953e-01,8.3704373114095043e-01,-7.5318548874134111e-02
-1.2204579404033837e+00,1.8575306088227150e-01,2.2022521096451526e+00,-6.2433801620359319e-01
1.2988449047492803e-01,2.6374088941271145e-01,4.6845551212339798e-01,1.7782477458628770e-01
-6.0024395510847717e-01,1.0566147477138172e+00,1.2548213061981812e+00,-9.2541542256804332e-02
5.9815691405173753e-02,-4.0028380518737888e-01,-9.4374058019876694e-01,-1.2629760640866359e+00
1.8677610146673476e+00,-3.7532041400647953e-01,-3.0956588218989889e-01,8.9181894256308492e-01
-6.1143448520335808e-01,5.2781157307343085e-01,-8.4901984168243738e-01,-8.9000342925623488e-01
1.5466250091356060e+00,7.1686227582666939e-01,-3.7316881558360798e-02,-1.6755679095431815e+00
-8.5861904269964939e-01,-6.6591564821971894e-01,-6.4975257484047388e-01,1.2328596093326154e+00
7.9329346632408548e-01,2.2549099773537038e+00,2.1715602576268159e-02,-3.7087189156089873e-01
1.0375094491362518e+00,1.1022531841362995e+00,5.6895412572926396e-01,-5.6286525258264830e-02
6.1907529800090744e-01,-2.4197331398214597e-01,2.0945243296245608e+00,-3.3113644240503504e-01
1.0879021776040976e+00,-1.8483792831475487e-01,5.0542596478985446e-01,1.2216533533184797e+00
-3.6080913039799134e-01,7.0874234441853645e-01,-1.3749685743130236e-01,-1.3644251158461673e+00
1.8137265643861877e+00,7.9942342133403199e-01,-7.0303729821609473e-01,-1.0033900448267892e+00
-1.6486858289610322e+00,-4.6282483751553505e-01,-1.3513073619722027e+00,1.7322611856674635e+00
7.3897648263037363e-01,-9.9717521620991434e-01,-4.3829346183076839e-01,9.1253657470742755e-01
-2.6777603439024805e-01,4.8103479412211630e-03,5.9230401766206375e-01,5.6242481706410302e-02
2.6001763393674953e+00,4.9722012709582802e-01,1.2177553303004935e+00,-1.1222665388911568e+00
1.0071958880808751e+00,5.0749272465773088e-01,3.1639318034779035e-01,8.6179611924774491e-01
-1.5303313561282630e-01,-3.6549122717129540e-01,3.1935604400019990e-01,-7.3928404136883163e-01
-6.4996165195166433e-01,-1.7353050324508262e-02,-9.6985861762905756e-01,-1.3005490608653643e+00
-9.3770656737861080e-01,6.7767723776964728e-01,-8.3601605932061651e-01,-2.9434356236152648e-02
-3.4353001346309914e-01,2.1567394213391500e-01,1.9793756135315710e-01,7.2703468796244597e-01
1.2122908392686955e-01,-5.6545006780836826e-01,7.6713125421027306e-01,-1.9146802435441241e+00
-1.1069418526877742e-01,-5.8649734438499512e-01,-1.3570182159934205e+00,9.1533807435767400e-01
3.2074178716167739e-01,8.1640520462559107e-01,1.2389240748086316e+00,7.7847826986474455e-01
-1.5299098993219229e+00,1.0265631261352519e+00,9.0185974548725512e-01,-6.7082012634263699e-01
-2.5260259694373315e+00,-5.1141381170712985e-02,-3.9823796117660770e-01,-8.7462806890405320e-01
4.8111397497897984e-01,1.6446272873039693e+00,-1.6738013695840397e+00,8.7841140651360583e-01
-5.2862864679900956e-01,-6.0409422971232929e-01,-4.4574642574707274e-01,-5.5063579321457778e-01
-3.9523462819468203e-01,2.6839433042530397e-01,-1.2315935866960508e+00,1.2130529673073744e+00
1.5023175403837170e+00,1.1277054408481986e+00,7.6845054190937956e-01,-8.8563542918294824e-01
2.2449959802428851e-01,-1.2750897140793271e+00,-1.3708611716738839e+00,2.9953716782243517e-01
1.8349866554469685e-02,2.9264392126864697e-01,-6.3025559259920205e-01,1.0109358105307318e+00
-4.1628503605713918e-01,3.0702652338973835e-01,5.0060385038422184e-01,-6.7602956285972560e-01
-1.3216956516104594e+00,-2.0459573361333185e+00,-1.3015830221963156e+00,1.4153227866610447e+00
1.0795716815708516e+00,-9.5175265105277074e-01,-1.2088346868728590e+00,-1.1404661099541036e-01
1.3844034597846662e+00,9.6891109133304076e-01,-1.2565409221626833e+00,1.2847093126490636e+00
1.3983615961040771e-01,-5.2192713545186309e-01,-1.0572085737499683e+00,3.9419230952980361e-01
-1.2476743685220406e+00,-7.1926501786463071e-01,-4.7992453620839570e-01,-2.7517742846577764e-01
-6.6465507308256966e-01,1.3431759841726136e+00,1.7341248275693513e+00,-2.2926102425044936e-01
-1.1957720965832977e-01,8.4740125477009454e-01,-2.8604237799614261e-02,3.9903429160423243e-01
-1.0244123469072668e+00,-5.6820733090764086e-01,4.8370968827473382e-01,-1.2496223558024100e+00
4.7626184121463688e-02,-1.2908863680526439e+00,-1.4341987353046803e-01,1.0041701229474622e+00
-5.3967306855003472e-01,8.2274084718002760e-01,-5.5278943410538073e-01,3.3545666761926235e-01
-2.2821484182474236e-01,-1.2376961376482603e+00,-8.7588587776703600e-02,-9.9518477793786597e-01
-1.5004490289769532e+00,1.8808370405640640e-01,6.5402014393102836e-01,7.9875992240755256e-01
7.0376113423405917e-01,1.6604483221807800e+00,6.5174004619810411e-01,-1.0683576517049491e+00
-5.0777952292393091e-01,6.4465146810038731e-01,-1.3895845174284600e+00,1.1326429471211408e-01
1.2498456978373644e+00,1.7792123442606016e+00,1.7602816751137565e-01,7.3393133359635621e-01
-1.2080038157063373e+00,-6.7194652133919230e-01,-2.6702520796253406e+00,2.0119357557928264e-02
1.1586729979362733e+00,1.7734847962674988e-01,-2.5272024285636258e-01,1.5483183111049195e+00
-8.5412514222167679e-01,-3.6779462557721798e-01,2.2459007018484572e-01,4.1120547234814037e-02
4.9555911842009592e-01,1.3016838704787763e+00,1.7623628026727675e-01,-8.8271346286063346e-01
-6.3308860749906515e-01,-3.2038596787805891e+00,-1.0055505418422608e+00,-3.0541823937455864e-01
-2.3462988326242906e-01,-4.3183855963775586e-01,1.8603743406514908e+00,-2.2060950172041518e+00
-5.1676370698641605e-01,-7.6005519399696519e-01,-6.5365205651282038e-02,-1.0409347147744368e+00
1.1453957478504693e+00,4.5277137915138599e-02,2.9448199922122048e-01,-9.7774460357095339e-01
-2.1420553003248686e+00,-8.4857884298844455e-01,-2.8269294179315801e-01,-9.5824777608970468e-01
8.0339383054467184e-01,3.3590069547641055e-01,-5.3459542383398129e-01,1.6937128615010268e+00
-1.5090307043798472e+00,-1.4994535842594618e+00,1.1429837367943265e+00,6.4548092352146813e-02
-1.0233110019852270e+00,6.7126857269802775e-02,-7.0321668789281644e-01,9.4834714222820216e-01
-5.7784692880387323e-01,5.6108896329867519e-01,2.5891317452277156e+00,-6.3719174595010419e-02
-6.3735317116830059e-02,1.3296193903281599e+00,-5.4029503324518025e-01,-1.5294893738833448e-01
-3.0202852079505249e-01,-1.8658117140929870e-01,1.3312376114707201e+00,-8.7210725502428210e-01
5.0652624470872154e-02,-1.8956387624510215e-01,-1.8286987962694479e+00,2.4582591151040506e-01
-2.4946536572935623e+00,-6.2770331192328488e-01,-1.0535482649143801e+00,-5.3282321159460055e-01
5.6658860901242925e-01,-1.8493449054629987e-01,1.3424855656204551e+00,-1.5903152385073702e+00
-6.7206105434813490e-01,1.3708866543647797e+00,-6.5050652764044792e-01,-5.1528246929970067e-01
-9.4463302702485563e-01,-1.9404804136335398e+00,1.1590258913175155e+00,2.5123713083288868e+00
-1.5093086916212071e+00,-1.3687409333706162e+00,-8.4256815839389954e-01,7.8309599924253792e-01
-2.0064200868903983e+00,6.3773519072072860e-01,-2.4326269732840541e-01,-2.1426715807510974e-02
-1.0173411044237630e+00,3.0873209085969794e-01,7.1015985607230632e-03,6.4390228478054146e-01
6.6076278741763750e-01,-2.0826410232238707e-01,-7.3126828703046443e-01,3.7544500555048577e-01
-2.2933094611119773e+00,-1.3993544137269660e+00,-7.5409943475453767e-01,-3.6855971163574752e-02
1.1984741125264164e+00,1.9205821089611543e+00,-1.1834807728598289e-02,-6.7153992592637302e-01
-6.7839555850692501e-01,5.7688686395781202e-02,-4.5031143252410594e-01,1.2321837262731834e+00
-5.5618991831129072e-01,-1.6168752129903602e-01,-9.7022904872172000e-01,8.0319156080265630e-02
5.7090572395647665e-01,-1.5378648409569748e-01,-1.1526640408791851e+00,-1.9860455326427345e-01
-5.5247385356433275e-02,-5.4794151952610759e-01,7.9898287259444112e-01,5.8048077140416476e-01
4.6972626138854823e-01,1.0526982874719579e+00,-5.3316959960146615e-01,6.4260700248467073e-01
6.8883055587835351e-01,3.6785601930235345e-01,-5.0394254553219509e-01,1.3993977188566023e-01
1.4969602218530988e+00,1.5230585039221092e+00,-1.1410803103650233e+00,-4.8219389348091396e-01
-1.1764747362778516e+00,-3.0970458586682015e-02,-1.6975527642999946e+00,9.6627617134249744e-01
3.6645533848955258e-01,9.2300861875209117e-01,3.5365296024091092e-01,-1.5034229496238833e+00
-1.3587661941295892e+00,-2.0574169741564328e+00,-8.1683986374843875e-01,-5.9908550549749273e-01
-6.5070758790953265e-01,-1.3291908921844897e+00,-3.5521646865597090e-01,1.8596778606770098e-01
-1.0358434939795530e-01,-1.3445935112245747e-01,-2.2203518680973572e-01,7.4709287014096404e-01
-6.1054398313103708e-01,-1.7621122024942948e+00,1.0006605123650938e+00,7.4604859637951293e-01
-1.2187900064575134e-01,1.8225207014997358e+00,-2.1605480517909317e-01,-4.0421155276004178e-02
-4.2735409464030127e-01,-1.6746140314404581e+00,-4.3581786492518107e-02,6.1923230834806098e-01
1.3942280638332327e-01,-5.5064929907950318e-02,-6.1330444387882033e-01,-8.6195904051053251e-01
-7.8291445704076312e-01,7.1891274490184431e-01,-1.7341892665373565e-01,-1.7196096048774090e+00
-2.5469270893231716e-01,-1.2185523046814783e-01,3.7987310110105293e-01,-3.2982431894033409e-01
2.6492800829553304e-01,2.5868662946835747e-01,8.7954076875346332e-01,5.8432779700770432e-01
-1.9332738630330946e+00,-4.1708966282966164e-01,1.5482113404037343e-01,-5.6600668938135881e-02
-4.1513908319739129e-01,-7.7585708226790867e-02,2.9481333001154419e-01,3.1619987645052738e-01
-1.5690652191472345e+00,8.4024474879958566e-01,5.4189855551783328e-01,2.8178202587099332e-01
3.4518367876466460e-01,-2.3397333724319255e-01,-7.6110827578966667e-01,8.4871727990899004e-01
-3.1583048591803026e-01,2.8382233581063232e-01,-3.2889696953775621e-01,-8.8508538535927828e-02
-1.6869623470067114e-02,-3.5216447953759661e-01,1.1094792208841606e+00,-6.4274526523108144e-01
2.2640596404594273e+00,2.7200183708258319e-01,-9.5620137843842812e-01,-1.1060728699578217e+00
2.2345740631710083e+00,3.6442766297509527e-01,5.2594234177198140e-01,1.0994833726785758e+00
-1.0043583847569886e+00,-1.3603563056427426e+00,-2.2098213706074437e+00,-5.2177194337608468e-01
-3.4997200458327565e-01,2.6425080299714382e-01,9.0970440773680949e-01,-1.7064123874501704e+00
1.0658383778155009e+00,2.7798833787983734e+00,6.9146507992519479e-01,-7.4394174827705761e-01
-1.1212955588064242e+00,-7.6516676332571321e-01,9.2676797325462690e-01,5.4826027334195215e-01
-1.9525794961314127e+00,-1.2911209393367423e-01,-1.9020914361940762e+00,1.2441963603788777e+00
1.6478565708147375e+00,-2.6304431273542128e-01,1.2523709362812932e-01,-3.7414065455533063e-01
-5.8606830454732028e-01,-7.6142100155828807e-01,-2.6219372917419831e-01,-3.4868621302462030e-02
4.8137392412408636e-01,1.2789669830447197e+00,-7.4922573505360823e-01,-4.7800747284607709e-01
1.0197725391316252e+00,8.9339937038995920e-01,1.5663493605882897e+00,7.2038992372641608e-02
-1.0433705281460071e+00,-5.0578800972880233e-01,8.4769133426761456e-01,-7.4688349942126675e-01
-2.2274247272358254e+00,-2.6937286485998985e-01,4.4960091292158727e-01,-4.2878488069298337e-02
-1.2258315401253950e+00,-6.6503144353433485e-01,-7.9116543282573248e-01,7.3480542102193791e-01
-1.5496410476901548e+00,5.2294600624704346e-01,1.4526930768804858e+00,-2.5712197458107182e+00
-6.3441014875697854e-01,2.2390782108002519e-01,7.1698386661612790e-01,-3.5263220750024127e-01
-1.9686028779615430e-01,-5.4068889519338315e-01,-1.8194440104082640e-01,1.1315809256846119e+00
-8.7498744642680010e-02,-4.6318694478739048e-01,-1.8625684634284309e-01,-5.0301451384109619e-01
8.1983787674369446e-01,7.1802246404771186e-01,-2.0980971204857579e+00,-5.4842009275667136e-01
-6.4405747931543245e-01,-4.5530486008999865e-01,3.6196017343429149e-01,8.7058193313539062e-03
-2.6907889586436200e+00,-5.2601515027829149e-01,-6.4839519337527940e-01,1.0668982000115670e+00
6.2129246024267648e-01,9.3349280946272861e-01,6.9238225815173959e-01,9.8404698210930563e-01
1.4868916677164186e+00,8.2475598445457710e-01,2.0169996765317350e-01,1.1894297765867003e+00
1.4295299851853638e-01,1.1460629059128726e+00,6.2828684500468934e-01,-1.0142516283849345e+00
-9.8426363485213275e-02,-8.3010520297402512e-01,1.8048932069030970e+00,-2.2594790065499568e+00
8.2472766372044326e-01,1.6272683747029770e+00,1.1488142599872335e+00,-6.2316393309029317e-01
-2.3738566219790908e-01,-9.5899186971630945e-01,-1.0505835979013922e+00,1.1745956840989757e+00
-1.1787053255710993e+00,-6.4739449513144742e-01,-9.2729778299606858e-01,1.4944265720326686e+00
-1.1463026081574175e+00,-7.9466137188986208e-01,2.0824777089096952e-01,-1.1962100593597103e+00
-1.0370141043165553e+00,-7.2715770236413868e-01,2.2512519818978380e-02,2.5384425377603137e-01
1.0423198244174658e+00,2.1575538563644386e-01,-1.6515746380239671e+00,1.5403576934943757e+00
-8.0373846847142216e-02,-3.4648506020654157e-01,-7.0887131229772493e-01,4.6744348161360100e-01
4.5597064082777000e-01,2.2294739579576972e+00,5.3288473778569523e-01,3.8695055377328658e-01
1.3341073042966929e+00,1.0462174816422225e+00,-9.6482948015018277e-01,3.1469178957140104e-01
9.8238788790204612e-01,1.3185281377530778e-01,-1.2358292377606162e-02,-7.5884508511872351e-01
-7.5450520397879361e-01,2.1450915343046523e-01,-1.1097381870708500e+00,8.9713036883669828e-02
2.4849468841136590e+00,-1.3892433164690465e-02,3.8979782911578970e-02,-7.7937396510214385e-01
6.1681111263323718e-01,5.1039803971857778e-01,-2.3249952280250191e-01,-1.3989819103593466e+00
-8.7697242319253521e-02,-2.2461799582029834e-01,3.4950094706424989e-01,-7.8572974656638528e-01
9.8172771670748382e-01,1.4768552966038704e+00,-3.5320808334018555e-01,3.3419512790491296e-01
1.8038566839247605e+00,1.0417165068643377e+00,-1.7837043391579084e+00,-1.1185442510815464e+00
1.3266093601255926e+00,1.8265046085319954e+00,1.0498021738430945e+00,-1.6356525835707856e+00
1.2791601752118820e+00,4.8321890273849377e-01,2.0947574011634759e-01,1.5586509911076276e+00
3.8912545535320109e-01,1.9863833468286918e-01,-8.5261178867538578e-01,2.0866779652502445e+00
7.1009043150576523e-01,4.9282555221150259e-01,-1.0771552144769130e+00,-1.0558852509178314e+00
-1.4365236662895600e+00,8.0286539742943108e-01,-1.3814199228399779e+00,6.5038052118680056e-01
2.9269858028836071e-01,-2.0243887344166183e+00,7.5435113021827682e-01,5.2630483561588570e-01
-9.8804103631395712e-01,-6.7788258868204931e-01,1.1040017161711650e-01,8.2974714199464572e-01
-3.8503410818165490e-01,-2.0335545128751065e-01,-2.1163894177909195e-01,-1.6402212255375634e-01
-6.0604682765580919e-01,-2.5333916797677464e-02,-3.4625755041437706e-01,2.9665366346788025e-01
-7.8724418268568908e-01,-1.3768423995972074e+00,-4.4866866081779033e-01,-5.6828534334679770e-01
-1.0927051975732147e+00,-1.0966414091884253e+00,6.9384764027527246e-01,-8.9772368074361197e-01
3.3140194414675977e-01,9.8668911070374876e-01,-1.4558059971760708e+00,8.1169887997399659e-01
-5.0098743676089341e-01,-4.0030396429105131e-01,8.8517717747471913e-01,4.4260208496169656e-01
-1.0339029174974587e-01,4.4947872864199423e-01,8.0810790485679707e-01,1.3139136294694203e+00
1.4602796590903473e+00,1.5887298475677589e+00,1.5184278553796999e+00,-9.4997675906132140e-01
5.6698404211092190e-01,5.8557109183842349e-01,3.5205744801547273e-01,-1.2489397319767668e+00
-4.2722040157336424e-02,1.2788559967103497e+00,5.6714230581887792e-01,3.5782843143472615e-01
-1.4423739565430987e-01,1.9932138867780660e+00,1.8601706241541883e-02,-8.5506969323449333e-01
-5.2051097857163930e-01,-8.5110530853215627e-01,-2.9627250159468199e-01,6.3695411978367283e-02
6.5939333718129989e-02,1.4322162583906444e+00,-2.5175804780939337e-01,1.5674256245324486e-01
-1.2360532157646513e+00,1.5072359615520246e+00,1.1514131394700238e+00,-8.4685135781328624e-01
-2.2861223439193865e+00,7.1429251563267937e-01,1.3391884771876983e-01,-1.4233325302130995e-01
5.7759274358999892e-02,-2.0286268435902839e+00,2.8258326617190505e-01,1.2855177360682533e+00
-1.4586601708750052e-01,-1.7310734023081822e+00,4.6859243061588340e-01,-7.4126026577605386e-01
2.1449553884862743e-01,-1.9096156678320240e+00,1.4470133965453289e+00,-1.2438937037371434e+00
5.5932188411851080e-01,1.1815882198787697e+00,3.0051211899516467e-01,-4.5984940332275126e-01
-1.2840284734629814e+00,-8.8985611376257334e-01,-4.9810588992767840e-01,-3.8091893180220204e-01
-7.8380143174397054e-01,1.8210436972807248e-01,-3.7810972899111361e-01,1.4443808468007981e+00
-1.5750134565487466e+00,-3.4810296902992011e-01,-9.3387505872745780e-01,-1.6787954257934168e-01
-4.0721264994269019e-01,-1.2066987688865725e+00,4.8770669219115326e-01,2.3764669863098525e-01
-1.9347583669591215e-01,-6.3606258091998014e-01,4.2350894919329801e-01,-4.4541204183955918e-01
1.1022815551039107e+00,-1.7540087168252063e+00,4.0003971134502242e-01,-2.6582179391676158e-01
-1.5503443464037032e+00,-1.3535300034870428e+00,1.5468830461155716e-01,7.2214318163229374e-01
1.7746461829655926e+00,9.9863765947423255e-01,-6.1792754533136696e-01,-3.5638017368111885e-01
-1.3560802323620893e+00,6.2524810455700042e-01,9.9689307803472316e-01,-1.4808545132053543e+00
9.3656416478046844e-01,5.9843797098878981e-01,1.5079432360501335e-01,-5.3159477340768391e-01
1.3278808364388623e+00,1.3110849186960272e+00,1.4987458900764248e+00,-1.0129462371931519e+00
7.4000523729197398e-01,-1.2088820996413538e-01,1.1772534981304241e+00,-2.6653337531584471e+00
-5.5036322024154627e-01,-1.4885809019436844e+00,-1.2874631598518066e-01,-3.3264414400841436e-01
1.0852793778596632e-01,-4.8583309163230526e-01,-7.6414397041326609e-01,-4.6636460773317445e-01
-7.0015112277812841e-01,-2.3684149090892213e+00,3.8939789436991884e-01,3.7584882600177527e-01
1.2507654583481065e+00,3.2097714422147722e-01,6.5743299115587528e-01,8.4536228380827705e-01
4.9796601509856536e-01,5.5010073127046155e-01,-9.9232033787669682e-01,4.3054211471574200e-01
-5.3683776057825094e-01,9.6820874682668978e-01,3.9754446439671814e-01,1.1192236341199209e-01
1.0345193712816263e+00,5.5177190492315131e-01,-9.3187401741804649e-02,-4.0092580415612883e-01
5.3019275534170829e-01,-1.2771174184747744e+00,-3.7416343677988029e-01,-1.2314491170411674e+00
9.5290711014689877e-01,1.1519579684376966e+00,-1.8352472061887422e+00,-2.6146542748253865e-01
1.4899900460882511e+00,-1.4455381800206077e+00,1.9976905011817112e-01,-3.2355068182737451e-01
-8.2819314735098082e-01,-4.4853568352724998e-01,-7.8458362865169617e-01,-1.8359374069720904e+00
-3.7137058285140601e-01,4.3953323576678999e-01,2.6131521685057035e-01,-9.3766150185703123e-01
6.2959339075770115e-01,-6.3744497863949590e-02,6.9839587385662649e-01,3.3174213029300781e-01
-1.3560713043334409e+00,1.8273387789423290e-01,2.4821761542623784e+00,-7.9839940737628523e-01
1.4867714843970168e+00,-1.1893746795311984e+00,-1.4654017526516205e+00,1.7805477633845503e+00
4.4867004952037737e-01,-5.7962596557725676e-01,-4.1973446366527090e-01,-2.6958831586583065e-01
-1.0979969342385811e+00,-4.7223119609923431e-01,-6.2365602257126129e-01,4.7894440578691000e-01
1.9741464551605654e+00,-1.6710671344567163e-01,-9.5898583431360740e-01,1.2515780277627098e+00
1.2814633123056647e+00,1.8664386949623216e-01,-1.4301471448184651e+00,4.9289013255134323e-01
5.0868344490449613e-01,-7.0182343930865343e-01,6.8481964113749205e-01,-1.1656634767131524e-03
-4.5112353518709575e-01,3.0046506572060172e-01,-6.7041612304506093e-01,-1.1596443077037025e-01
-3.0655515615097739e-01,3.5203066398582827e-01,-1.7535693131810928e+00,1.4302595083701308e+00
-1.4763459673501420e+00,-1.1889949068673666e-01,8.8477825024807599e-01,5.9660139250098321e-01
-1.6146297959439708e+00,1.2521740542463311e-01,-1.5259456719178828e+00,6.2646473300463601e-01
1.1761278596087845e+00,1.0193019688953386e+00,-1.2358140356270522e+00,9.5620680920656476e-01
-5.0194647083862221e-01,1.5108300924157589e+00,-5.8307249470898004e-01,2.4179607058253794e+00
8.6946470190660663e-01,1.6064365183734636e-02,6.0071241925580154e-01,-1.2014648545659499e+00
7.4398076878155761e-01,1.7270232611448328e+00,4.4276315766751623e-01,-1.0277740619670706e+00
-1.2425425912400409e-01,3.0738980434542645e-01,-3.5183213374963929e-01,5.0388684743603251e-01
-1.3370626636045391e+00,-1.2328300533990491e+00,-4.8940380925454063e-01,-1.3565243658278276e+00
1.2151883342586403e+00,-1.4025667085635039e+00,-1.4130464586241167e+00,-1.6171500875168526e-01
-7.6263004403430634e-01,-6.1106201165392748e-01,-1.1961310149400142e+00,1.8031079423753849e+00
2.1898152049911492e+00,2.3134599887824350e+00,9.6660288703329267e-01,-1.9898271980343456e+00
1.3341073042966929e+00,1.0462174816422225e+00,-9.6482948015018277e-01,3.1469178957140104e-01
-6.0961041670876948e-01,8.5296209774317600e-01,6.0150845652876861e-01,9.1008877631536811e-01
8.6022169630342282e-01,-2.8133593144491070e-01,1.4693438560517183e-01,2.1533917451186193e+00
-1.6944430230527476e+00,-1.5949180749421898e+00,-6.5681238623255984e-03,-2.1661136912043730e+00
3.2624931142118124e-01,1.7461458984937248e+00,-7.4064891997136575e-02,-9.5849208894412252e-01
1.5248633894988852e+00,2.7635933775028898e-01,1.0540520862678389e+00,-8.9546521327622908e-01
-1.4105402587517071e+00,-4.2504844425061428e-01,9.5711084876446584e-02,-2.2017567763159931e-01
-4.8954711979870258e-01,3.5129364627994930e-01,5.9463177736011175e-01,-1.1082520410392926e+00
7.7620123526212548e-01,4.9835162048229376e-01,-1.0233975419655628e+00,-3.6825988153011724e-01
-1.9336427338173829e+00,-1.7438773104547134e+00,9.7184658813987190e-01,-8.8743139361527379e-01
4.5571447220408540e-01,1.7074459229549788e-01,-1.3370875205776398e+00,3.4175086926169412e-01
8.1378675628612573e-01,-8.9037084408732231e-02,-6.8897935625293816e-01,-6.0073652547246698e-02
2.0019561043600392e-01,-2.2708318666064845e-01,1.5358891593225961e+00,5.1394414713026582e-02
-1.3947010796459203e-01,-1.7261057136043616e+00,1.5023403326542373e+00,-1.3858236828031516e+00
-4.1585856524355974e-01,1.4357829126204364e+00,6.0391422654520921e-01,-5.3751499656643653e-01
-1.7081699437093736e+00,-6.9517802189965183e-01,1.9478288254345930e+00,-2.2651823845516454e+00
-6.9912306691381632e-01,-3.0105342955082437e-01,-1.5467433985221324e+00,-2.0449706102416199e-02
-1.3432449910761151e+00,5.9533586134212058e-02,-3.7555267739181115e-02,-1.9814950838539938e+00
-2.7363152165992412e-02,-1.8921549412920441e-01,-6.6288856444877919e-01,5.3575538532515865e-01
1.5428915170937862e+00,5.2680662301705039e-01,7.5797054405387893e-02,-6.1836428652528741e-01
-1.4241263362297074e-01,-4.4095915382817469e-01,1.6974064837214708e+00,-1.1558325320745568e+00
2.4183980983557243e-01,1.5512787776110792e+00,8.3068872374845448e-01,7.4398750877891384e-01
8.2559690026531485e-01,1.3807388162562915e+00,1.0076494141654726e+00,-1.9416455842063113e-01
-3.1673677910548959e+00,-6.7621814931366597e-01,6.3106886706583099e-01,1.6541170664728960e-01
-5.9699102734932974e-01,-5.2297502398658513e-01,7.1087150287581635e-01,1.0550367890805377e+00
-3.8241580273561926e-01,-5.6829489833265334e-01,-3.1835434984149180e-01,4.7936473289093268e-01
-6.9360857661759989e-01,-9.8194461412808320e-01,3.4635283788996918e-01,-6.1263045886727974e-01
-1.2259474311416216e+00,-1.3099121299206504e+00,5.1243569725092131e-01,-1.2459278245945185e+00
-3.5559309668530475e-01,6.0858793922654852e-01,2.2276558972854370e+00,-5.5766038805354956e-01
3.7590321207627373e-03,2.9753363893499868e-01,8.0035192411544975e-01,-2.3907531023776607e+00
5.3589294148910638e-01,2.5761706334920531e-02,8.0870604067838381e-01,-1.0713670901954107e+00
-3.5786422413476832e-01,-1.7466512659086203e-01,1.5645241953954874e-02,1.2186104923272856e+00
-1.0592965254522904e+00,-3.8652833538293274e-01,9.0151793330379415e-01,3.8739224283650209e-01
-2.3431911458964053e-01,1.8841389818486640e-01,-1.0987827877001382e+00,1.3655267818148611e-01
2.1881161402645738e-01,7.4257403311603565e-01,3.3448884762641945e-01,-6.8124903941196036e-01
-1.4105402587517071e+00,-4.2504844425061428e-01,9.5711084876446584e-02,-2.2017567763159931e-01
1.0864836110367517e+00,1.8116231224523518e+00,-4.1152681039076788e-01,1.1272769317084620e-01
7.8829899733842335e-01,1.9135248134015245e-01,-3.2975526325872556e-02,1.4938288211617254e+00
6.2622922221927324e-01,8.2609083599838962e-01,1.4135443568076970e-03,2.8775519250113551e-01
-3.8608620410682315e-01,1.1062878554944349e+00,-1.4453390616668125e+00,-7.2930106087896496e-01
-6.8770997111211721e-02,-1.8791448641738131e+00,-8.4810602990104023e-01,8.1145841269852192e-02
-2.6434529915595877e+00,-5.7739550926437433e-01,-5.6192190811420996e-02,6.0990505013730219e-02
-8.1369770278613374e-01,-9.5446960492488508e-01,1.8622754809222386e+00,-2.6416010664480631e+00
-2.9472336874530347e-01,-1.3145746166596488e+00,1.1653958613684621e+00,-2.1421487534034465e+00
1.1717141351547940e-01,-1.4190041875861183e-02,-3.3491252179435471e-01,2.8099381605637064e-01
5.4162797556906472e-01,1.7769099588968842e-01,8.1089015121750108e-01,-2.8367628056046362e-01
-2.2821484182474236e-01,-1.2376961376482603e+00,-8.7588587776703600e-02,-9.9518477793786597e-01
1.2913387099411184e+00,5.4344291946250034e-01,1.0566068444168313e+00,-2.0128084383760730e-01
-2.0178500251324425e+00,-7.1887158178922017e-01,2.1024037993667036e-01,1.4064645965417804e+00
-6.2185786122204112e-01,-4.8512117922507136e-01,4.8636151243428502e-02,-1.2114652699669670e+00
-7.6419876873741799e-01,1.0854455373193356e-01,-7.4512865792259866e-02,-1.6842609359927130e-01
-1.6290501664213644e+00,-1.9693720331980302e+00,-7.2477066262962253e-01,2.2703234489400530e+00
1.3727437845394761e+00,2.2369657724458789e+00,-8.0752593013241758e-01,-1.0250787249225699e+00
1.1051165017274929e+00,1.2157440310951588e+00,-2.2408359718823243e-01,-8.6771269367779869e-01
1.1500553699079190e-01,5.7573134468916898e-01,-1.3958588667826219e+00,-2.3482139870977176e-01
2.2528242454056508e-02,-6.8696256652190507e-02,-9.4158872344771549e-01,-1.4496225558239528e-01
-3.5976575335337929e-01,9.5318094570037848e-01,5.7062116613315694e-01,-7.2765607275045718e-03
-1.4727782088785939e+00,6.0558688929962157e-01,1.1621996862750212e+00,-1.3233307752149504e-01
6.6425787320217311e-01,5.0659105821967398e-01,8.6237845466761845e-02,-2.2305572236204568e-01
2.8732839673707642e+00,2.0407046226581764e+00,-1.3024942670278177e+00,-5.1347518018835325e-01
8.3767257182095434e-01,-3.3013881295426095e-01,1.0123013641866825e+00,-2.2015053776270069e-01
-1.6366189588336422e+00,9.6338068093806406e-03,1.0897053660156442e+00,-1.2879697926007960e+00
-1.8462130738745150e-01,1.0804160502758567e-01,3.1300149165123409e-01,1.8058135907108224e+00
-8.8175297488119364e-01,-1.1297920042741640e+00,1.5923383550990124e+00,-1.3007707706252603e+00
1.7675865713928076e+00,-3.4645872729948890e-01,1.3580582607118343e+00,1.9461063871721245e+00
5.7363085335987352e-01,7.6626129139460519e-01,2.0961262266152542e-01,-2.1785594250416387e-02
1.1461430707320761e+00,1.2471071003329599e+00,6.1294496449593616e-01,6.7393511181841648e-01
1.0835285904042007e-01,1.5835001513434002e+00,3.5185267427353628e-01,-2.1720058480843593e-01
-8.0811519227596973e-01,-1.0334161569125306e+00,-1.7351346374833007e-01,5.8273805836538251e-01
1.7045444468675158e-01,7.7643246425738754e-01,-6.8118898296291941e-01,2.0515943942960324e-01
-9.8469225535699767e-01,-1.6683685701936712e+00,-2.6127551767571627e-01,-1.8155814736002911e+00
5.7399850958058451e-01,8.4137526213639857e-01,-4.4792420414243189e-01,1.0826830995524870e+00
5.6403867299058601e-02,5.7996029500519009e-01,3.1089819700769600e-01,-1.4322116167374526e+00
-6.6218311416323627e-01,-4.4299841228311510e-01,7.4671492252232255e-02,2.2988733791670876e-01
1.3609157217571395e+00,1.0200303905164614e+00,5.8967463390763453e-01,7.5919661810047856e-01
-2.1369109199268849e-02,5.2653147249861731e-01,5.1810315477833702e-01,-6.3309546497522251e-01
1.1378086191377219e-01,-7.2439498528374502e-01,8.8456483004594011e-01,-9.0090830999254745e-02
-4.5112353518709575e-01,3.0046506572060172e-01,-6.7041612304506093e-01,-1.1596443077037025e-01
-5.7278239617002791e-01,-4.0630529292171824e-01,-1.5852518642631749e-01,3.2459347815139358e-02
-2.0297118022436053e-01,-9.4467901885632477e-01,4.0593901257233928e-01,8.7996649008467642e-01
1.4969602218530988e+00,1.5230585039221092e+00,-1.1410803103650233e+00,-4.8219389348091396e-01
-6.0591523669970027e-01,-1.4884376939695343e-01,3.4002764736489571e-01,-1.1484798884675980e+00
-8.6702611585103828e-01,-1.7574847990902136e+00,-4.7639566522863569e-01,-1.5226198156128806e-01
6.2896441092086042e-01,-1.9817227301858129e+00,-1.6916338856572584e+00,2.7168126431594380e-01
-9.8279400223350188e-01,-7.4149157609106520e-01,3.3687352046990215e-01,2.5916135565465426e-01
8.9108830846909987e-02,1.3696165064654542e+00,1.0079984155304613e+00,6.4736496180971170e-01
-5.3683776057825094e-01,9.6820874682668978e-01,3.9754446439671814e-01,1.1192236341199209e-01
-4.8691634892134950e-01,1.5508468639754616e+00,-1.1095037667803809e+00,9.5936987245943917e-01
-1.6423616249307207e+00,-1.0500877854986501e+00,1.0658666404176764e+00,-1.6968832085262078e-01
2.3585957302179192e+00,5.6430002268924762e-01,-9.6426297783276393e-01,3.5510278468880996e-03
-1.6486858289610322e+00,-4.6282483751553505e-01,-1.3513073619722027e+00,1.7322611856674635e+00
1.6750786799313715e+00,-1.1486605648660426e+00,-9.4541073435252065e-01,8.0844491411225672e-01
-2.4413734165244536e-01,-2.5604645833451767e-01,-2.7719329178816685e+00,-3.1591153320412424e-01
-1.5101699478386938e+00,-8.6534060814485814e-01,-1.0562362363944451e+00,-4.4849840348501474e-01
-3.9036535408102030e-01,-3.5559503321266961e-01,2.4380367652061966e-01,7.4888859194680446e-01
-6.2272752945857790e-01,-2.2280505021883168e+00,5.9493867807544076e-01,-1.3697392671754699e-01
9.7578481632459768e-01,2.0788053567803799e+00,1.1353769565268239e+00,4.7203876154222435e-01
2.2770282295874194e+00,1.8362605807441303e+00,9.4197976005583262e-01,7.2527394126457090e-02
1.0623476219940646e+00,2.2710559268826147e+00,-2.2526009771587288e+00,3.2432347993080213e-01
-2.4135765873049433e-01,-8.1254760271285098e-01,-1.0464026687758642e-01,-1.4846746115643403e+00
