"X0","X1","X2","X3"
-1.3975029071961841e-02,1.6006447206912287e+00,-5.7978324043550533e-01,7.0342672239056570e-01
2.8920189354895048e-01,-2.7288701373847862e-01,1.0889910000024931e-02,-6.6032782826130487e-01
9.5727414659269017e-01,7.4013967143003567e-02,3.8977523378427686e-01,1.0713342357668090e-01
-7.5673416058420137e-02,9.0494724065001142e-01,1.2176637050362065e+00,1.3380825531868534e+00
-4.4549517847275405e-01,4.4513855735591829e-01,-1.6670028331895299e+00,8.8573169146162700e-01
2.3475866191418338e-02,-9.3815484708259878e-01,-1.2012045303691035e+00,-1.2922890888260703e+00
-2.9540986583301152e-02,2.0734220552161715e+00,1.2275048607071157e-01,4.1216195194454253e-01
-1.4410360995564577e+00,1.3977060037959239e+00,1.3403244636653344e+00,-4.0841808212660785e-01
1.1731206226819690e+00,2.4378406177212922e-01,2.2600054812897898e+00,-7.4805208598579553e-01
-2.1886552714899854e-01,-6.3779587207978783e-01,1.0926037659800494e+00,1.5550599581850626e+00
-7.8663817783607717e-02,1.3414571331852925e+00,-1.1073480852557247e+00,-1.4251632549478377e+00
-3.9653650955471648e-01,-3.7402268046453807e-01,4.1516225437527621e-01,1.2435878353742600e+00
1.0090413749951013e+00,2.9556089169508637e-02,-1.0629998708539479e+00,-8.2941818283670699e-01
-1.2966356694471242e+00,-2.3367320255200195e+00,-6.7680636654916193e-01,-6.0985295171338116e-01
-2.5057099063342581e-01,-1.1777485066680808e+00,8.6519888440577364e-01,1.0714119140601552e-01
-4.5219347649113906e-01,-1.7253225762527094e+00,-8.1178620262931456e-01,1.2223152297863045e+00
-8.9485862486163570e-01,-6.3988426205506599e-01,3.8379730659246919e-01,-1.6518119513374580e-01
1.4556313539322887e+00,-1.3203752369131512e+00,-1.9970131698019630e-01,-3.6770052879421150e-01
1.6647022532345854e+00,1.6185230503434039e-01,-1.7202219841585276e-01,-6.5355462177377988e-01
-1.1961413671628436e+00,-1.8413627779996418e+00,-1.3886310850903449e+00,-7.1371651831717575e-01
1.4877285736342816e+00,2.6459758282230919e+00,3.2113783771235332e-01,-1.7756755702070501e+00
1.7147906128352046e+00,1.2636884685425587e+00,7.9847355015412580e-01,4.0001937755874284e-01
-1.4960699776228814e+00,6.4647373761354765e-02,-5.0008275112780165e-01,1.6281565257461612e+00
5.4256455936838067e-02,-1.0186133980318290e+00,5.2213836175970217e-02,-1.7744943792795920e+00
3.2933056443595699e-01,-3.9228790214782561e-01,-1.2636389319760563e-01,-4.1140398607573381e-01
-2.6557606648333500e+00,-2.4871993271668589e+00,1.3072742028035564e-01,2.9645353037801303e-03
-2.2407269414182993e-01,1.7736635822806002e+00,9.8263165818228282e-01,7.3852794109064657e-01
-1.0762202450203463e-01,2.5968031873074935e+00,9.8969541233617297e-01,-6.2054000723965408e-01
7.5331591823851085e-01,3.7984461608328834e-01,-8.9838347003278385e-01,7.2669010579155396e-02
-3.7062815733051740e-01,-9.9716463632681640e-01,-1.6009612366392068e+00,8.7322440443176108e-01
5.9015165372146780e-02,6.0390773233619444e-01,-1.2885528473797245e+00,2.9564298308631420e-01
1.1566243333242709e+00,-2.5815556915626825e-01,8.0880003137301670e-01,-1.6394353875496224e+00
6.0855207165707670e-01,-8.2159032406401722e-01,-4.2227448929106459e-01,2.7272748811184366e-01
-3.5976575335337929e-01,9.5318094570037848e-01,5.7062116613315694e-01,-7.2765607275045718e-03
-4.1166017451335163e-01,-8.2267523235449461e-02,-3.3012562888302583e+00,1.8294740220540402e+00
2.3065545166604404e+00,1.5657398084263483e+00,-1.1205420772924868e+00,-7.0486936463258287e-01
-3.6080913039799134e-01,7.0874234441853645e-01,-1.3749685743130236e-01,-1.3644251158461673e+00
1.3883939163315240e+00,7.9881722651948595e-01,1.2754388327787345e+00,3.6959794291630194e-01
-2.9983340503795153e-01,3.8673171312193233e-01,-8.3145870409481071e-01,7.1592770199481304e-01
5.1831620019739379e-02,5.6262528414721069e-01,-2.3395971528421541e-01,1.3578621896254739e-01
1.0185861525700804e-01,1.7002462902803028e+00,-2.6798634227843752e+00,2.4895805629873022e+00
2.2953459232669760e+00,3.1532013572679625e+00,1.3010282034552836e+00,4.0341594614039450e-01
