"X0","X1","X2","X3"
-2.9191998876434805e-01,-3.7500745846185363e-01,8.3046906535728673e-02,1.7093979167348141e+00
-2.9237150196748479e-01,4.3326283759932693e-01,-1.3152310745677722e+00,6.0039570871398262e-01
1.4909224627501090e+00,-7.8214196826683624e-01,-2.9085382610152286e+00,2.8053097040224617e-01
-1.7966038439044028e+00,-2.3916711490376757e-01,6.8892983101806549e-01,-1.4865319034368190e+00
-6.9665661940393241e-03,6.8660103079423707e-01,-5.5566637535788599e-01,-6.1117176548870966e-01
-2.8259994561359686e-01,-6.8840229336134084e-01,1.2293950207537750e-01,6.7779646921925485e-01
8.7406654120744898e-01,9.1480914676902736e-01,7.0218658726948402e-01,-1.4453431900558393e+00
-4.1113562714742630e-01,1.5339068565557596e+00,-2.6135613425261295e+00,2.6522317282770314e-01
5.1265376979415112e-01,1.7080441006844846e+00,-5.4195338669066906e-01,-4.9838967701591519e-01
-9.3499639677442237e-01,-1.5770932162697324e+00,5.2385631896428930e-01,1.0303063198652396e+00
-2.9448688849669274e-01,3.9973216274037959e-01,-5.1601175395407373e-01,1.0483981786946714e+00
2.1583425340501505e-01,-3.2922633635318799e-01,-2.5130706228276767e-01,-1.9048522002760893e-01
2.6586342355123443e-01,-3.9766171161103780e-01,-9.8576404342171486e-01,-1.6796892165002164e-01
1.5418606021681351e+00,3.8947356339713235e-01,-1.3536937655338814e+00,-2.1444902592041981e-01
-5.9941201611851548e-02,1.1170701592270240e+00,8.0420063297953215e-01,1.1100777531269426e+00
-1.5747997518803298e+00,5.4678815204768672e-01,-7.7829051349472966e-01,5.4950837835085153e-01
-7.4135538802138878e-01,-2.7768008447976722e-01,-6.0942659160111441e-02,6.2844670765089783e-01
-6.8920774555502706e-01,-9.0003648080884652e-02,-1.9849553079080668e+00,2.7072039183002587e+00
1.7401998934871405e+00,-8.0685951387140720e-01,-1.0867076229724002e+00,1.5284630689592416e-01
1.3410895749147365e+00,-2.3922236122461232e-01,-7.3130510256392334e-01,-9.8455353353701991e-01
4.5202885821733807e-01,-3.9414319949458443e-01,1.9501907676315394e-01,6.8787318581949419e-01
-1.4801485449988729e+00,8.2975324229399128e-01,8.9249282833865473e-01,-4.9440187721645329e-01
-1.1759247405264817e-01,2.3943029049174940e+00,1.8262737238063504e+00,-1.2949674917643907e+00
-3.8526322582461740e-02,-2.3178059568242682e-01,-6.8206725777629573e-01,6.1987805677596086e-01
3.9299309695767787e-01,1.5356639742118137e+00,-4.3159996722050564e-01,-5.1761758979364636e-01
1.0409063451445713e-01,-3.5209557632497557e-01,2.4414871652587933e+00,-1.1085737975286918e+00
3.7790937481170905e-01,1.1872556527315361e+00,3.3810006779684199e-01,-1.1218544659889556e+00
-9.1704924122325071e-01,-9.2806449094213961e-01,-6.6028811140947463e-01,-1.1363675312662758e+00
1.6284814545960002e+00,3.5012891078417252e-01,-1.5951093381228478e+00,1.9741914773636313e+00
-5.2276786086827054e-01,-2.6564675614614669e-01,-1.5858422463836927e-01,3.0341345467199449e-01
-1.5093086916212071e+00,-1.3687409333706162e+00,-8.4256815839389954e-01,7.8309599924253792e-01
-1.2278770457676793e+00,-4.4991021125407826e-01,1.5371475945943156e+00,7.4688108578400270e-01
5.7938314996078710e-01,-5.0647836191394380e-01,-8.6337830315672948e-01,1.6655805242580590e-02
-3.6477798139841555e-01,7.3389330454628687e-01,9.6040901982644244e-01,-2.0246239104857313e+00
2.3714797962418194e-01,-8.5868500168396278e-01,-4.3959355356894075e-01,-8.1355214140036147e-01
-1.8282437808293758e-01,-6.6603498540503270e-01,2.1885387754168226e-01,3.9406777031313672e-01
-8.5373167685856277e-01,4.8788499457996948e-01,1.0376473249373228e+00,3.5166904854118980e-01
5.7090572395647665e-01,-1.5378648409569748e-01,-1.1526640408791851e+00,-1.9860455326427345e-01
5.5977345744838414e-01,4.2891471618329513e-01,-5.9548015925219533e-01,1.2542099683816892e+00
-4.4843722073682180e-01,2.7515076645051240e-01,-3.4424786680723779e-01,-8.2042430863744964e-01
3.9382480998230923e-01,-1.1118682333518515e-01,6.5122181817304237e-01,2.0719086671040285e-01
-4.3698376587790433e-01,-1.0698032967555335e+00,-5.8109953841149053e-01,-3.7709660188414335e-01
-2.6907889586436200e+00,-5.2601515027829149e-01,-6.4839519337527940e-01,1.0668982000115670e+00
5.4773884260287098e-01,9.6435614448139040e-01,7.6762283227462524e-01,4.1551581183770836e-02
1.2125824889524623e+00,1.0631689914162612e+00,-2.4055349380506375e+00,-7.4494356145088481e-02
1.9800516432385318e+00,4.6437352966947232e-01,1.0706290224989903e+00,9.8637869308867043e-01
-3.1554405868277274e-01,-3.8590188732376901e-01,-9.2008580642817983e-01,3.0057312666209451e-01
-2.2821484182474236e-01,-1.2376961376482603e+00,-8.7588587776703600e-02,-9.9518477793786597e-01
-5.9329652420197687e-01,4.2825640753681726e-01,4.9566175772105120e-02,1.6811669175232133e+00
5.5401599675435298e-01,4.4687264801775828e-01,4.2120552097868391e-01,4.7684012923209906e-01
3.2486311912637922e-01,1.1078958889080897e+00,2.4695057289467601e-01,-1.3040421470244319e+00
2.3762151406935247e-01,2.4574476185263228e-01,-8.3364959478496437e-01,-6.5893221944607605e-01
1.7635432496281808e-01,5.0610068308245026e-01,4.7083224762085890e-01,-8.1621521364148486e-01
5.7429803334416063e-01,2.1057572889267311e+00,-1.1798164817693897e+00,-2.9561047284891667e-01
-6.1312732553036331e-01,-3.2461708633356540e-01,7.6894133978951362e-01,-3.0132102506978609e-01
-6.9542375547072321e-01,1.0447889938356787e+00,1.4921990868103789e+00,6.0525704754744147e-01
1.4949170549225588e+00,1.5002610401947498e+00,1.8306830277553101e+00,-1.1754182177724670e+00
3.6555342949218950e-01,-2.4313682450021107e-01,1.0952286919393863e+00,-1.0898480762936449e+00
1.2878520425362887e+00,3.1978755283352038e+00,-1.8080493556255181e-01,-8.0366459429644455e-01
1.4595297735874597e+00,2.5873387841940809e-01,3.0903249591425443e+00,8.3060389208660668e-01
6.6326061165626515e-01,-2.6924558271860632e-01,4.9315378939778581e-01,-1.1436104703156731e+00
4.1806348212386724e-01,6.6568476681546485e-01,-4.3879779784208600e-01,2.2127708818762901e-02
1.4432216850137578e+00,1.2106685774696182e+00,-2.7723886409841314e-01,-1.2004838080090325e+00
-1.6982289457488620e+00,-1.5138666789956297e+00,6.3141025512945592e-01,2.9247810258692641e-01
6.8898172180876960e-01,-1.0599500249319744e+00,2.5441876872588537e-01,1.1326896406630300e+00
9.3865615388409518e-01,7.5428664018709057e-01,-1.6067638638032322e+00,7.5212119842708702e-01
-8.5740802314389652e-01,5.8593509330383364e-01,-2.2303037020924203e+00,3.2426899893796229e-01
-1.0308156065880711e+00,3.7987904098981856e-01,-4.4348951451512975e-01,8.6940183131621718e-01
9.3335700205512451e-01,2.7132385915029461e-01,1.2609972172903214e+00,-1.5723372167519494e+00
-5.9980682723415737e-02,5.3063847108924911e-01,-6.0601463678144063e-01,8.6610996676744456e-01
9.2265751681243791e-01,1.3116670653798379e+00,7.5050728045739501e-01,-2.9092674190947521e-01
1.4607131857163147e+00,-1.3205724440636879e+00,1.5544432694376656e-01,1.8575155030761530e+00
1.2866683827498950e+00,6.1316043624744820e-01,-1.9535334877137143e+00,4.3592157171837254e-01
-3.5093622982023487e-01,-4.6331790207653706e-01,5.8793468843231333e-02,-4.9850418547703346e-01
8.0801494044248379e-01,-1.0076265004058849e-01,1.7442685593287435e+00,-1.5162929590784984e+00
-2.1273470924050502e+00,-9.9815222432685469e-01,2.1641996363254101e+00,1.4010569775197201e-01
1.5551183964706743e+00,-4.5481636805231551e-01,1.9185815054106168e+00,-4.9628668170809132e-04
-2.1641247650301203e+00,-1.6700358003835836e-01,-2.7757492567122997e+00,4.4445386438985257e-01
5.0606102073641657e-01,-1.6518031725817957e+00,-2.9214904117706741e-01,-1.6674040016333547e+00
8.7856037678894583e-01,-4.5512778840993029e-02,8.8117441491590009e-01,2.0330998298551478e-01
7.1672303909171131e-01,4.2335109784948566e-01,-1.3197618944134915e-01,-1.0433413942910306e+00
-6.6465507308256966e-01,1.3431759841726136e+00,1.7341248275693513e+00,-2.2926102425044936e-01
5.3676637194815979e-01,8.0076027142578177e-01,6.0849282064726666e-02,-1.1986489466253745e+00
-1.1457082105776294e-01,2.3182447845560664e-01,-1.5075651859223549e+00,-1.8284280081763993e-01
4.9128728338711014e-01,-2.0758551780916692e+00,4.9169126385682504e-01,-6.0699120909472315e-01
8.0489306655514992e-01,-1.5122318451336998e+00,4.1749142380569032e-01,9.8085662314542355e-03
1.0138868313572813e+00,3.3051448066361661e-01,-4.8441820718451123e-01,-8.4309016250656943e-01
1.4311943701197150e-01,7.8654820490869315e-01,-7.7152622894558154e-01,-1.6245942058495979e+00
7.2461036521543210e-01,-1.9385203601442816e-01,-1.0478563634590865e+00,4.9940452459882984e-01
2.9215005963700299e-02,3.7614199888023153e-01,-1.2349541459563309e+00,-1.2775386322319027e+00
-1.1879543793126259e+00,-1.3606840839595777e+00,7.0949593192547189e-01,8.2792872129441586e-01
-7.6108214206965707e-01,1.5312806186318165e-01,1.3838814229529031e+00,-2.6441620397201820e-01
4.2042294530748890e-02,3.6683592574275264e-01,-8.0748243500541450e-01,4.0057896542516847e-01
3.5314980472325774e-01,1.4356647677591725e+00,2.2441832711406939e+00,-2.1155390490026660e+00
-2.2420892932946743e+00,-1.3504055203477598e+00,7.2373166627912100e-01,-3.8823937963299976e-01
-4.5225183779643946e-01,-3.3815276589135745e+00,-2.1681637254844777e+00,1.2351753064084032e+00
1.2735443456055386e+00,3.7895819156958216e-01,5.4907317342708040e-01,1.5088442140643465e-01
-5.8498580127894884e-01,-2.6835779790343728e+00,-4.7711023968627359e-01,4.4569682903110364e-02
8.7060809034347320e-01,-1.0846465810926582e+00,-6.7986317974622990e-01,1.0937900863921407e-01
1.0647412242449008e+00,-1.5300966301055713e-01,5.8834714953718614e-01,2.2676725404610248e-01
6.7907449055040625e-01,7.2843471987840858e-02,2.3254904632180589e+00,-1.2641913990110087e+00
-2.0393086950316203e-01,-3.4411403922369221e-01,-2.1322974082768895e+00,2.7658669699233012e+00
9.2474093388607137e-01,4.7495689240178274e-02,2.8071889208102230e-01,-1.4017294033866696e+00
-3.2654335552325331e-01,6.8781174140201490e-02,-8.0660706930961323e-01,5.3568779154055846e-01
1.5418606021681351e+00,3.8947356339713235e-01,-1.3536937655338814e+00,-2.1444902592041981e-01
-2.7026628851754486e-01,-4.5446601449381141e-01,-1.3710969382286047e+00,1.1294486072870025e+00
5.7924897793165875e-01,9.1855785614260321e-01,-1.0761170781378158e+00,-6.5147983586359492e-01
1.0875448020040102e-01,-7.3381330081004714e-01,3.5390453876921396e-01,-1.6734713204051549e-01
3.7790937481170905e-01,1.1872556527315361e+00,3.3810006779684199e-01,-1.1218544659889556e+00
-2.5313706307507350e-01,2.8749905974062362e-01,-2.4644161662747868e+00,8.6550078160861943e-01
-7.9294223339920267e-01,-3.5205341179302641e-01,8.4820556760716037e-02,1.8805703508932761e-01
1.7692095088323762e-01,9.0119681546697517e-01,8.1787038445692251e-01,-7.8293579200817620e-01
2.0408659647164121e-01,-1.1077936386260980e+00,1.8399002504279129e+00,-6.0283981029058464e-01
3.0734941292468798e-01,4.6321308475217537e-01,3.1941419991307118e-01,9.7110544597051662e-01
-5.8606830454732028e-01,-7.6142100155828807e-01,-2.6219372917419831e-01,-3.4868621302462030e-02
4.1039947304248986e-01,8.7294661605934454e-01,1.0546785141657276e+00,-2.3911468410567855e+00
-1.0899094976424739e+00,-4.6699422533166002e-01,-6.0266239340833272e-01,7.6172083277371094e-01
2.2226025396470733e-01,1.3377667670568927e+00,-8.1190979556878284e-01,4.9144381114097885e-01
-3.7888976677412090e-01,-1.7209287123443642e+00,1.5932289100605499e+00,7.7724216949038460e-01
-5.0051333359016303e-01,-1.2360016038464904e-01,-1.0524115957716116e+00,1.6414984325383739e+00
8.3630372773707584e-01,7.9202076205610761e-01,3.2974077730261397e-01,-3.7756842688455827e-01
7.3977666596175592e-02,6.0625970542592988e-01,8.5401684502779393e-02,8.1527374009563169e-01
9.6089295785692086e-01,4.0240970966717909e-01,1.0172831941761169e+00,1.7784478958788980e-01
3.3747678759917515e-01,2.1133387426735850e+00,-7.1926999903522737e-01,3.9835139934511082e-01
1.0852793778596632e-01,-4.8583309163230526e-01,-7.6414397041326609e-01,-4.6636460773317445e-01
-9.0413914241362336e-01,-8.3119829892288721e-01,1.4373584492931715e+00,6.1328954092899979e-01
1.1489566221402345e+00,-1.1110504164973087e+00,-1.7380425280350194e+00,-6.8640466501050990e-01
-8.8998371088516803e-01,-1.0848407760420873e+00,-5.1118319510167320e-01,-9.3410071155194313e-02
1.5591208081285255e+00,1.5293242384501455e+00,-1.6420177564889042e+00,1.5310007109934558e+00
-2.0027349334605407e+00,-8.2747109672924801e-01,1.5542993800679001e+00,4.6959997383606417e-01
-8.6882116494389006e-01,-1.5962400876344818e-01,2.9657158081840163e-02,-1.0492322977646351e+00
7.9329346632408548e-01,2.2549099773537038e+00,2.1715602576268159e-02,-3.7087189156089873e-01
1.6533895396425407e+00,9.7414777310480294e-01,1.0524619222247713e+00,-1.9366574880550489e+00
-1.9541927614377388e-01,-4.7682850936333254e-01,1.3932589380494882e+00,1.1066988952840695e+00
-1.5958154513883511e+00,-3.5237294748286663e-01,3.1451066393037841e-01,-3.6680573102069436e-01
-2.5533550506804342e-01,-1.2738557897309859e+00,5.2564707749772500e-03,-1.1320750544431115e+00
-1.6568225155758913e+00,1.0702054427924312e-01,5.4774908547752643e-01,3.6264865851865657e-01
2.5467394329171591e+00,2.3723009307244753e+00,5.2779046913899041e-01,-2.0718045687462705e-01
2.3476780493365357e-01,-3.8373656784496490e-01,8.7753199902984330e-02,8.8077753064420949e-01
1.0209881171574426e+00,9.7649282375858837e-01,1.2410381534452091e+00,-1.9363687698852292e+00
-5.8996371933850711e-01,5.0421832073005945e-01,1.5576550647881953e+00,7.8206355623883572e-01
3.9787429160775535e-04,-4.7404963549019707e-01,8.4108903742745844e-01,-2.6434832630501064e+00
6.1592664763832150e-01,-1.7225260661342162e-01,1.2662947275591208e+00,-2.5240404261720331e+00
3.5171222805991958e-01,3.7904983055957636e-01,-7.9869344182906810e-01,-2.3578037577269378e-01
1.8235674812230771e+00,1.5981207893668743e+00,1.7477722475105333e+00,-1.2354971216734656e+00
-1.3928541977619124e-02,-3.3677892084876559e-01,7.0742975651856954e-01,-1.6428875450163286e-01
2.0809101488479233e-02,-8.8264830639220782e-01,-7.2282116860940993e-01,9.0380743997681801e-01
-3.2052289340118839e-01,6.0348636674904321e-01,-3.0832947292460383e-01,-1.3112056973484101e+00
1.3609157217571395e+00,1.0200303905164614e+00,5.8967463390763453e-01,7.5919661810047856e-01
8.2360891402186598e-01,5.7307244642897692e-01,1.3305973262269812e+00,6.5257413031982714e-01
-3.9370219603560831e-02,-2.2805399301451579e+00,-8.3064702612855301e-01,6.4795974399709644e-01
-1.2139647816441388e+00,1.9652122389460674e-01,1.8685907004053393e+00,-2.2236398491583398e-01
-6.5838547315146090e-01,-9.1625880482642275e-01,2.3282128174781946e+00,-3.5839257883080516e-01
9.7534251451516596e-01,-5.3588683034289386e-01,-3.9593132802834280e-01,-4.7813920495124629e-01
1.8123857587429975e+00,-7.5247001710673844e-01,2.2263254429784540e-01,-1.3687744928554619e+00
-1.1656621857254819e+00,8.3212364398652627e-01,-3.2316283341492891e-01,-1.0432868370882102e+00
1.5485264787498804e-01,-1.5387524986468265e-01,-9.3915985176823402e-01,-1.3611052825973624e+00
-1.2568613648554947e+00,9.9487398249850978e-01,2.6974252535442506e-01,1.0377124721038904e+00
1.3884262108094818e+00,1.6522960477753652e+00,-2.0602141555695219e+00,2.1260689719639059e+00
-7.6676404476446233e-02,-4.2591338484609575e-01,6.1894173116258777e-01,4.0657905358609236e-01
8.9732920954639472e-01,-8.4346020217307693e-01,-4.1736863706306015e-01,6.4096462386396302e-01
3.9347815780359369e-02,2.5745690707218433e-01,-5.9630328363489560e-01,-1.5954076319391974e+00
-8.8491591788392621e-01,-5.5645174735130953e-01,2.9973353421888360e-01,3.6031954568826663e-01
9.3617419044779870e-01,9.0238137055409484e-01,5.4305764499509046e-01,-6.6038005901878763e-02
1.7662003524732289e-01,-1.4471279336312665e-01,-1.5972190796426320e+00,-7.5602485230953431e-01
1.1637814508500868e+00,6.8464942193469969e-01,4.5404982311941056e-01,-2.7429328755227578e-01
-6.1482653101826990e-01,-2.2532553405989386e-01,-2.6293931975573470e-01,2.1499825319075905e-01
-3.3248509633549828e-01,-4.1695746086684471e-01,4.2897853679443720e-01,-4.7826699926289429e-01
-4.7049249800430692e-01,3.3718070063365946e-01,-1.2755756656166479e+00,1.2223271641776645e+00
7.1780121259649693e-02,2.8942196961579603e-01,-1.0074306643136812e+00,1.8620170604842214e+00
3.9577146612806008e-01,1.3164897348594371e+00,1.0649156369277266e+00,1.6653019934958950e+00
-8.8295528097662057e-01,1.6182704821588773e-01,1.0508220675987647e+00,1.0264462599636008e+00
-1.0576269366248135e-01,-5.5264951125512096e-01,1.1328816323305912e+00,-5.4178963445854722e-01
-8.3425609852808269e-01,-1.8188739632553269e-02,-2.1680894275664245e-01,1.6553123946919022e+00
1.7569721034741705e+00,1.3850613214036347e+00,-4.5570057848936238e-02,-7.0597630137137501e-01
1.5731079154205487e+00,5.7177300493078809e-01,7.8281342281947375e-01,1.7195964422828258e+00
-5.1904023845821790e-01,1.6422032705180623e+00,1.0634310631372272e+00,-6.7275763670143984e-01
1.1182275915180675e+00,5.3129200206590288e-01,9.8452967288916704e-01,4.5591943258249540e-01
-1.4046811472090653e-01,-2.8463112796644363e-01,-1.0699284016989272e-01,1.0295921321077226e+00
-1.3376049661105389e+00,-1.2269677309591573e+00,6.1564510892483826e-01,1.9521790580418872e+00
1.3128390967849235e+00,2.0211785576806368e-01,1.1483916210831667e-01,-3.3030405945941682e-01
4.8160891272397155e-01,2.4889978165462689e-01,5.4250041445084746e-02,4.9732501618611774e-01
3.6851581283852641e-01,-4.7236073005618184e-01,-1.7262714964542053e-01,1.4675860774528269e+00
-5.2059996074994730e-01,7.7435397992273347e-01,-1.8380060624547287e-01,-3.9387121192380137e-01
8.8724188497751932e-01,-2.4782289988060646e-02,-1.4154495925860142e+00,1.1345608551741075e+00
-5.3527387712482799e-01,-2.6566617053877295e-01,-4.4643713135050855e-01,6.9456704032664807e-01
1.0727363913166923e+00,-3.3303590973655001e-01,-2.3298940193719575e-01,1.9856464775173449e-01
4.1165491615824101e-01,-1.4449190180213278e+00,-4.6773660806017703e-01,2.9278247418151226e-01
5.7882389799662082e-01,-4.0741568859246713e-01,9.4678988025932290e-02,9.6895174641537485e-01
1.5533643825312811e+00,-8.4931553358949108e-01,1.0948077492139326e-01,-1.8216973619261496e+00
1.7687564564149877e-01,1.2293219410128828e+00,-9.0316559051041312e-01,-4.7545006625530140e-01
1.1483113629839055e+00,5.2554430513869121e-01,-1.4454515872186477e+00,-3.8843055570228374e-01
2.3568764999192651e-01,6.8278172486975408e-01,2.5361844250036519e-01,-1.2158021645791271e-01
-1.0034295160440645e+00,3.3733851382970853e-01,-1.2845319058945628e+00,5.0858271671640476e-01
1.3477876184766808e+00,-2.3601838722887664e-01,8.3815324610585895e-01,5.3807462746019152e-01
3.3091283788045750e-01,-8.0309837421620428e-02,-1.0408916672229978e+00,-2.6889498612928953e-01
-5.4801872528461215e-01,-1.3236220711787230e+00,1.8300744145210239e+00,-8.2872383625711721e-01
9.1915282374801144e-01,-3.2088493172987564e-01,1.2384696538103994e+00,-2.8685535212058588e+00
-4.6126291873100222e-01,-6.8821026016880049e-01,-1.5238160520891513e+00,1.2452704324607462e+00
-7.2509480696478379e-01,4.4759712680746155e-01,1.0111859590936860e+00,2.7323430601528149e+00
1.7662003524732289e-01,-1.4471279336312665e-01,-1.5972190796426320e+00,-7.5602485230953431e-01
1.1546647681372211e+00,3.5812728754705786e-01,6.2199142142488750e-01,-1.9193859848879002e+00
-1.0109757405679065e+00,1.2804035716850182e-03,1.7197348085315041e+00,-1.3335288728891881e+00
-5.5151270608265586e-02,-3.7740860021707362e-01,2.2656034945374719e+00,7.4107559249124633e-01
7.2575100620185462e-01,-1.5495150750005999e+00,-1.5478836063674792e+00,9.3646376908109574e-01
-9.0275087736661219e-01,1.4552334566686611e+00,1.0219130895249435e+00,-1.4742356861048074e+00
4.9766226927433066e-01,-7.7065113670802132e-01,5.5683911532391495e-01,-3.3716039912708495e-02
-1.4631351042170628e+00,-2.7520102109657263e-01,-8.3781067654620967e-01,1.0409868869917578e+00
5.6278472119610701e-01,6.8669420467635267e-01,1.4522322554530336e+00,-2.0853504330646558e-01
-3.8736195963004832e-01,1.3798965527665594e+00,8.2719879496369730e-01,1.7464628859217543e-01
-5.4562439182073996e-01,6.2415458822055170e-01,5.6920804811952064e-01,-8.3463989172504582e-02
-9.7160472409542703e-02,5.0198369038319660e-02,-3.9988440138125331e-01,-3.8164167562538975e-01
-1.5300969347479922e+00,-1.4584110219308013e+00,7.9504906875092074e-01,-9.3503259792396376e-01
5.5932188411851080e-01,1.1815882198787697e+00,3.0051211899516467e-01,-4.5984940332275126e-01
-4.6322796570345703e-01,-4.4639792439853687e-01,-4.6309338430698538e-01,3.3068795077456858e-01
-1.2398998159406540e+00,-2.1036317424881812e+00,-1.7040497821151461e-02,2.7034703908687261e-02
-4.4069624551332121e-01,-1.7704786645506687e-01,5.2335866908287376e-01,-5.1687114510299381e-01
7.3977666596175592e-02,6.0625970542592988e-01,8.5401684502779393e-02,8.1527374009563169e-01
1.3824771836778602e-01,1.9564205633861625e-01,-1.3332097216391467e+00,-6.6582963344322965e-01
-5.3723826779404550e-02,-1.5023519725948784e+00,4.7913521734877890e-01,-1.2147351885346573e+00
-1.1224054094070035e+00,-1.0198340748908068e+00,-5.3587288229147589e-01,-3.9509016788451257e-03
1.9703316404281374e-01,-5.4181228916775936e-01,-2.0520436920824361e+00,2.7416322877076018e+00
-6.0605398736374427e-01,6.2364967970409557e-01,-1.9450494842192231e-01,3.1684269193426867e-01
1.0822437657273103e+00,-6.5706415154489395e-01,-4.5224272810815846e-01,-6.7937895642430746e-02
-1.6943246062763495e+00,-7.5219882109661151e-01,-5.3241719376828356e-01,-1.9576352925301057e+00
-1.0409822376630156e+00,1.0909771449645573e+00,-2.3854247117093869e-01,1.0351572267923750e+00
5.7759274358999892e-02,-2.0286268435902839e+00,2.8258326617190505e-01,1.2855177360682533e+00
-1.3718447856062577e-01,1.2427222937083202e+00,8.7091798551013677e-02,1.7118690391642483e-01
2.0809101488479233e-02,-8.8264830639220782e-01,-7.2282116860940993e-01,9.0380743997681801e-01
1.0159335357058337e+00,3.7719666290437246e+00,-1.8736196080913786e-01,-1.0077447649858058e+00
6.8898553716653710e-02,-1.3312961099867104e+00,-5.8207465673442482e-01,1.5615475487572437e+00
3.9999997276068788e-02,1.0453788964173796e+00,4.6745657260725981e-01,-1.8318395523896411e-01
-3.5616271958676826e-01,-2.1284832142455945e-01,-7.2339512923460225e-01,3.0501278734337511e-01
3.1884085101288435e-02,1.9937353243427793e+00,1.8307299386416012e+00,-1.2789369232675485e-02
-3.5590210406789696e-01,1.5395312084355830e+00,1.0447116353471628e+00,-8.0876655968686939e-01
-1.2266558833759684e+00,4.0371741854070164e-02,-6.2572193948746380e-01,4.3117830415409064e-01
-6.0443794166409648e-01,-1.4061729539577166e+00,-1.6921709391171404e+00,9.4599070353413994e-01
6.0393656294402065e-01,6.9479810188972285e-02,-9.4622447182338654e-01,-2.7271772883634465e-01
1.4059360780090189e+00,-2.0970441949306973e-02,9.2434692221777881e-01,-9.9953891826512109e-01
-1.2186529871235043e+00,-1.3359910775524067e-01,1.6125320278340285e+00,-1.3484014609035222e-01
3.3835250392112864e-01,1.0075446441924001e+00,-5.0936127228779549e-01,-2.2428649166082743e-01
5.2166679867723842e-01,-2.2127056994968752e-02,-9.1867843165792806e-01,1.9948767244039325e+00
2.3488800329965839e-01,-3.2731399562254027e-01,-3.1643761175120938e-01,1.5675332362076906e+00
5.7090572395647665e-01,-1.5378648409569748e-01,-1.1526640408791851e+00,-1.9860455326427345e-01
-3.5249368368985695e-01,2.7104240823410954e+00,7.9526825921525213e-01,-8.8780648285287378e-01
3.7329342028957668e-01,-3.4957415750249188e-02,1.1201337779634313e-01,1.9802117619329933e+00
-2.3937171617220662e-01,-9.9694807320966028e-01,6.4802561887024490e-01,1.5306132260460681e-02
9.8902256409714506e-01,8.7777009417525753e-01,-1.1258207290751592e+00,-5.5149466532326197e-01
-1.3336202100531176e+00,-3.3861032426920028e+00,5.2410127536211315e-01,-3.7289875340048106e-01
-2.8277714302752716e-01,8.2427314625486514e-01,-4.9254968146895672e-02,-1.0935543183472389e-02
7.8329658638149113e-01,-7.8842259442426343e-02,-2.0113223364775714e+00,1.6246388085661043e+00
4.7285502779466060e-01,1.0477229792932246e+00,6.4715426875156898e-02,9.5330275803971443e-01
-1.2858166304540788e+00,3.9742503750566355e-01,2.7444794601026345e-01,9.0633304694083927e-01
-1.7209506711908753e+00,-1.1130650264811601e+00,-1.2249817792425981e+00,-3.6534443752472900e-01
2.8828155374031880e-02,-1.1619470939879251e+00,-1.0264195887991190e+00,2.0503583063086266e+00
7.8787327427657941e-02,-1.7303131346255753e+00,6.2501167543823233e-01,8.5277336166577955e-02
-7.3097297919113693e-02,-1.4884332961217495e+00,-1.6586708023705354e+00,4.3826716643124930e-01
1.1452406412940372e+00,4.5944523992288888e-01,-1.5848721413992745e-01,-5.1579665147344256e-01
1.7628096628387366e+00,-1.7689937102148823e-01,9.9586528449039924e-01,-1.5721576483054167e+00
-7.0093979124011663e-02,-6.5754523140425958e-01,-1.2103684641061436e+00,-2.0758398407855477e-01
1.4341489710160764e+00,1.3699304447923449e-01,1.8102918275471666e-01,5.0873911627629609e-01
1.1545045827857268e+00,-9.0451290542371132e-01,-1.3794181836109904e+00,2.8345553511711383e+00
1.3155821879602980e+00,-1.3114880704035661e+00,7.9023295222460810e-01,-1.5852903963580514e+00
-1.8871885294231725e+00,-1.3772345422453003e+00,-4.8538796108632953e-01,1.0439916369873281e+00
5.7853193139200554e-01,-4.5823400724583208e-01,-1.3373739162568865e+00,9.1262100415901293e-01
8.9649401856792588e-01,1.5709106398441066e+00,-1.2971943420792278e+00,1.2574307692196880e+00
-1.3443658970317790e-01,1.5047801574326500e+00,1.3134913560362102e-01,-2.6757574589068267e-01
-3.5942787653326497e-01,1.1086406114722749e+00,-4.0080598059793705e-03,-7.2941437134944920e-01
-1.8282437808293758e-01,-6.6603498540503270e-01,2.1885387754168226e-01,3.9406777031313672e-01
-1.1405378216677877e+00,-5.2819608910862870e-01,-4.5847879444109514e-02,-4.7217655034938399e-01
-1.5013306201319858e+00,-1.1445517498888156e+00,1.1432675933247030e+00,-1.5764424185021904e+00
-1.0394871315951830e+00,-1.4036481010920707e+00,-1.5526618276068743e-01,5.2695047510956416e-01
1.0159335357058337e+00,3.7719666290437246e+00,-1.8736196080913786e-01,-1.0077447649858058e+00
1.2551467459109438e+00,5.1603404350766080e-01,7.5221808753492048e-02,1.1607900148592549e+00
-8.9428303697280975e-01,8.5201947760346253e-01,-6.9157972267119339e-01,-1.8696478940952521e-01
-6.0604682765580919e-01,-2.5333916797677464e-02,-3.4625755041437706e-01,2.9665366346788025e-01
3.6875795397477690e-01,7.2934488399039665e-01,8.5719173133670910e-03,-2.2368728178479669e-01
1.2338097142660986e+00,-7.7082908963325303e-01,1.4067070654593758e+00,4.2019134031638866e-01
9.9673333781104101e-01,-4.4098896109070063e-01,1.3919195752934337e+00,1.5433575656291108e+00
-2.3132435613927652e-01,-1.0578185229029406e+00,-8.4705284047541823e-02,-3.4594396029618973e-01
-5.4110016371308467e-01,1.4833814811312571e+00,2.8962505064913946e-01,4.0393708009698537e-01
4.9982587161520442e-01,8.5298024549718099e-01,-1.0109448163751396e+00,1.4430624899065945e+00
1.9040088893580120e+00,-1.1940469859639973e+00,5.4090268769585126e-01,-4.3590420212893588e-01
-4.1549648332008421e-01,-4.7038586854100012e-01,2.3038407026923630e-02,-1.0942754823269785e+00
-2.7267744665042121e-01,-5.7554195222966820e-01,-2.0074723113606519e+00,-3.4826117880532859e-01
8.6732675762866540e-01,2.2784001544871518e-01,1.6790047420590117e-02,-1.2486612238957757e+00
1.0112956919632947e+00,4.7403912972346263e-01,1.0429620461866311e-02,-5.0865885997817251e-01
7.6013298381881744e-01,7.9079038089417741e-01,4.7060436024550817e-01,-9.1525598696030652e-01
-4.6446193892714294e-01,1.3145832782155444e+00,-1.4112836841252047e-01,5.1835372853162665e-01
1.2364617680411185e+00,3.2883243019360148e-01,-3.7372095874242872e-01,2.2017037861449651e-01
9.5146310417003288e-01,1.0879479127902350e-01,6.5468388170955344e-04,5.7316007847618367e-01
-6.8351403082686080e-01,3.1000990991016684e+00,1.9436558048964589e-01,2.6130939693493138e-01
-9.0214484640846582e-01,-1.2425222794863475e-01,4.2010302219306950e-01,-6.1508269716070685e-01
7.1847409368344850e-01,1.0335251045977514e+00,-1.0153646986992915e+00,1.0290748586295722e+00
2.6956127861318682e+00,-9.3507093005487685e-01,7.9459618677891664e-01,-2.0636455461331167e+00
7.2191376950902730e-01,2.2337976277438050e+00,1.7148553021199495e+00,7.2193089864547244e-01
1.3292445604821315e+00,9.6888610385022789e-01,5.0902097931711010e-01,-3.6450094613093154e-01
8.1178102560051002e-01,1.0901238712218060e+00,4.6609175800235193e-02,-1.6150254975218024e+00
-1.8030999286792471e+00,-2.3411775393856332e-01,7.2041003209298771e-01,-1.1571867864424559e+00
8.4575013525337206e-01,4.6515959230615733e-01,1.0401093263797874e-01,-2.0002961883645431e-02
1.4969602218530988e+00,1.5230585039221092e+00,-1.1410803103650233e+00,-4.8219389348091396e-01
1.3029657670900430e-01,2.9691605136194499e-01,3.2946097286730963e-01,5.3015070378024309e-01
8.0454745068590316e-01,3.4337597851295726e-01,1.1664997380942561e+00,2.7091352824386350e-02
9.8924121683535216e-01,1.5294530036180685e+00,7.5202115408211534e-01,-1.1218327826660355e+00
-1.2602259574011416e+00,-2.4220699326411532e+00,4.4019843783363272e-01,1.2951041650981487e-02
1.2487765466562947e-01,1.9155390204972275e-01,8.2118559389850543e-01,-1.5064688579693066e+00
1.9903001103401932e-01,-1.3025779090179457e-01,7.4103076069041762e-02,9.4044899059395382e-01
-9.5323785851938569e-01,1.3673496896560899e-01,-3.2538999540508246e-01,-6.2763989760425531e-01
-6.3521407315031198e-01,-2.3642267769585779e-01,-7.5667908263264605e-01,7.5440113101453821e-01
-1.7896946357417460e+00,1.8247329101677223e-01,8.8440635747422147e-01,3.6798920052404382e-01
4.4188456541564775e-01,9.8136753436080293e-01,-3.4906186117109295e-01,2.6582088997126285e+00
1.4733674322216139e+00,2.2273124397137654e+00,-2.7507667423718946e-01,4.0723456594112967e-01
-7.1783866028701171e-01,-9.4391932731957784e-01,1.0274376000268111e+00,5.8375106091462214e-01
-1.5814694754869968e-01,-6.6463648090881489e-01,2.4059915003339538e-02,8.2856369272906472e-01
4.4372530671109428e-01,-4.1440015369269945e-01,3.1844612595196775e-01,3.2254340405671200e-01
8.1970938685886496e-01,3.0715512930841588e-01,-1.8382767261511890e+00,4.8760014906369609e-01
3.6978996494102345e-01,-3.5420494287793275e-01,3.5803770520029748e-01,-8.6135511352314098e-01
-6.2180714696577011e-01,-2.0900579955401705e-01,-6.1825730399358336e-01,-1.8925652231054217e+00
-6.5169539465198634e-01,-1.3049589475970762e+00,-1.8982347115951408e+00,-2.5490416648504999e-01
2.1884586834162287e-01,1.6216124860292511e+00,-1.6754322166199502e+00,-5.1449219535166890e-01
-6.5745841947231343e-01,-8.1577579224939711e-01,6.1492289695057756e-01,-1.2640617700929273e+00
-3.7888976677412090e-01,-1.7209287123443642e+00,1.5932289100605499e+00,7.7724216949038460e-01
-7.5450520397879361e-01,2.1450915343046523e-01,-1.1097381870708500e+00,8.9713036883669828e-02
1.4236446867320993e+00,4.6362363360315068e-01,-4.7572135544474548e-01,6.5377033093927905e-01
7.3061789410821754e-01,1.4558107366020794e+00,-2.4064945233228521e-01,9.9797911901740510e-01
-4.3382419932633515e-01,-1.0163136079605575e+00,-1.9594089744257823e-01,2.6134903111352298e-01
1.2705075282808391e+00,4.6321049927389224e-02,-1.3362830776701402e+00,1.1462800234001203e-01
-5.6030801507078738e-02,1.1988886212110479e+00,1.2776647659878035e-01,-3.2985769892290795e-01
-6.6536096757874075e-01,3.1385414539491252e-01,3.4676373535977151e-01,9.1270771420987240e-01
7.7072929544875635e-01,1.8629304970587561e+00,-1.6973628628586521e+00,-8.6333215775336480e-02
5.3903375927712452e-02,6.6898170333305618e-01,-1.1557568891133465e+00,2.3428774812065667e+00
-5.9229673074411537e-01,-4.2375557065238556e-01,-8.7823570599446965e-01,3.1513782230926979e-01
3.0785366291353113e-02,4.7908516561949947e-03,-2.0866764620007761e+00,1.1415957126714518e+00
-5.3339461694307178e-01,-8.1564333467509520e-03,1.1003698457071043e+00,6.9773017060721398e-01
-1.0567453032835246e+00,-4.2271602639988470e-01,9.5064209664999588e-01,-4.3225984425976915e-03
-6.4314812434298307e-01,1.1821568246386471e-02,5.3038240494183275e-01,5.2774844161025680e-01
2.4586456672490757e+00,-9.8301852649142096e-01,1.7473720109077371e+00,-5.8013184675472174e-02
1.0188571332832104e+00,1.6569622262017856e+00,-1.3825772307257658e+00,5.9525982135822608e-01
2.4852295098693303e-01,-1.3902374165804623e+00,7.0119493780085540e-01,1.6484087490157846e+00
5.6017538481041906e-01,-1.4329219805787836e+00,-2.2349716588089774e-01,1.4884376786870815e-01
1.1941509132816568e+00,-2.5424852813502652e-02,-5.9806842452499853e-01,1.5952142631613400e+00
1.8315659044976849e+00,1.3576937426548104e+00,1.9917961724279194e-02,1.4561297656815266e+00
2.3585957302179192e+00,5.6430002268924762e-01,-9.6426297783276393e-01,3.5510278468880996e-03
-1.2052742972258188e+00,-1.6584085373293855e+00,8.1625739419574177e-03,8.9613491387068145e-01
-3.9151877976207633e-01,1.4339628183948763e+00,4.9259124118330760e-01,7.9485505237055221e-01
-9.1096474542440842e-01,-1.6151261372872379e+00,-5.2556992539229470e-02,-2.3827309110056136e-01
-7.4893848317996614e-01,2.9873879452655805e-01,-9.6191656443842566e-01,-8.3120403459715975e-01
-2.5150171123553966e-01,8.0325393289357824e-02,-7.5946914025473111e-01,-1.3498068193052223e-01
7.2558563967730239e-01,-3.9428490711349973e-01,-9.3965214831815380e-01,2.2282021167722830e+00
-1.6382862084206135e-01,-7.8725198745750447e-01,1.7979347098813347e+00,7.6234217318222663e-01
1.5251014154920961e+00,2.1868008893389956e+00,7.8722748021805700e-01,3.1306333420329074e-01
-1.6997512355953921e+00,8.2634406669146376e-01,2.3205316613806787e-01,-6.7252315178612909e-02
1.8706557779556505e+00,-2.9330380653401089e-01,-5.7344803627421936e-01,-2.1632165694894687e-01
8.7085763587515283e-02,-6.6476820218350730e-01,4.2324978111523792e-01,8.4531926327349560e-01
7.8600058326816780e-01,7.6656872648106555e-01,-6.9003247610735396e-01,-3.4313910878271947e-01
1.2374833988326450e+00,-2.7925468737988790e-02,-3.4477635241030274e-01,1.0097160876429909e+00
1.9019803369828639e-01,9.6418298430040561e-01,-9.6445827834361253e-01,-1.1773734099933353e-01
-2.2547061288522069e-01,1.2968545440422014e-01,1.0274508315226805e+00,-2.7854820233930155e-01
2.3361154187385136e-01,-1.0780071035885292e+00,-1.2967734739884584e+00,2.7846050448838006e-01
1.4352417574005454e+00,1.7092333757896179e+00,-1.7736743338819030e-01,-1.7803381029922654e+00
-4.3737180250224961e-01,-3.9659067145738458e-01,9.6365474561563014e-01,-1.1076992780280359e+00
1.4352417574005454e+00,1.7092333757896179e+00,-1.7736743338819030e-01,-1.7803381029922654e+00
-5.7784692880387323e-01,5.6108896329867519e-01,2.5891317452277156e+00,-6.3719174595010419e-02
1.9003382490922343e+00,-5.1915553458884256e-01,2.3541305805663857e+00,-8.3762310438922494e-01
1.1654994967158616e+00,8.2111948359463893e-01,-9.3335597193861675e-01,8.2878681505368923e-01
2.0531126908227555e+00,5.5425997196762578e-01,3.5367335082337320e-01,-2.4408228503767924e+00
5.6268662233255295e-01,1.5734338303063762e+00,6.2400491468123676e-01,4.0529525425979746e-01
-6.6080386485183884e-01,7.1052912266094737e-01,1.3853079127070039e-01,1.0424161782676147e+00
-9.8057648520227303e-01,-8.9281575848172778e-01,7.5512093957442350e-01,-3.4354564282045252e-02
1.3404385476604255e-01,1.6897606830927800e+00,-1.2175972222842249e-01,-1.3660084738648774e+00
-2.7395389070082499e-01,1.1496868287581841e+00,-7.9440746379293681e-01,3.8694071131565300e-01
9.8238517976260720e-01,-3.2155511730986552e-01,-3.4414259214811910e-01,9.8410893773458352e-01
8.8301354209268390e-01,-1.3994419670169811e-01,5.9292234760592100e-01,5.4634127287358059e-01
2.7551710968494181e-01,4.3307618688324134e-01,3.4586141407211979e-01,3.0728817275460241e-01
-1.0118996796455904e+00,-5.5885113536936082e-01,-1.7439509479843965e-01,-2.0996765382116238e+00
-2.0266227072178772e-01,6.4252642923425274e-01,2.0593653691154762e-01,3.8547274123762632e-01
-1.6887171071650946e+00,-2.1209887296102705e+00,8.6003218029684814e-01,-6.2737789643702579e-03
8.6563695167368648e-01,1.1868787218155448e+00,-8.6195178296921304e-01,3.9621046840821961e-02
1.1336374598432397e+00,5.2583673574304901e-01,-8.1510206357997395e-01,1.8763342871881444e-02
-4.0556145060018145e-01,1.9060412176272484e-01,5.7640594467886574e-01,-8.2735240767079421e-01
1.3748128861817446e-01,4.3450266410075394e-01,-7.4397389371217604e-01,4.4597931019177539e-01
-2.5093860740669455e-01,-2.0858723390317722e+00,1.1245538296505502e+00,-5.7604873315383132e-01
-1.5330747732811827e+00,-5.4762430298374976e-01,-9.3210587781497933e-01,-1.0391274068631855e+00
-1.5946047155057078e-01,-1.5192988180482672e-01,1.7645673688495744e-02,9.0662059960328745e-01
5.3033824957809350e-01,-6.6348265643220794e-01,-7.4380537275599368e-01,1.6758992755788082e-01
5.0679897232567397e-02,8.6063448064147896e-01,-4.5043730664133294e-02,-7.7076521782080420e-01
2.7073978328962051e-01,3.7942243206809922e-01,1.2520036520219833e+00,-1.5082665959575878e+00
-4.7837022580641353e-01,1.6046132705979219e+00,-5.1235370441984107e-01,-5.2018451441060931e-01
4.3567778278310360e-01,2.2881586839671590e+00,1.5277658020345073e+00,-3.0663130497619207e-02
-1.4303441714116432e+00,-2.0420414554570296e-01,5.8027982288161728e-01,8.0426578124813286e-01
7.3574432006947232e-01,2.9832377828730811e-01,6.0546555741229080e-01,-1.3891808562445249e+00
-8.6477661787315652e-01,-2.0072248306327181e+00,1.5965565429455362e+00,-6.6014894927317436e-01
5.2416251575080251e-02,-5.6138676180291280e-01,3.0094251099243713e-01,9.4195063553970365e-02
2.1948485772711148e+00,4.5719560399780101e-01,-7.3298405849219872e-01,7.2922115688542810e-01
7.5367263851608668e-01,2.1251998407035666e+00,1.8955734307259857e+00,-4.0324508267110615e-01
3.3545375899453966e-01,-1.3722361028787575e+00,-7.9762513101267696e-02,-7.1962167499364582e-01
-9.9457761216378404e-01,-1.4225664843498493e+00,-9.6946539861174286e-01,7.5567043528751543e-02
4.5006256821276497e-01,4.0902040789285099e-01,8.4741131771895295e-01,-5.9654659773863128e-01
-1.5157992915664475e-02,3.3565587113022051e-02,9.7136085144984274e-01,7.4800367351897390e-01
6.1287657171914356e-01,1.1247373297437602e+00,1.0255162089763494e+00,-1.3914295358189882e-01
9.8710960046492835e-01,-5.6445974700648649e-01,-3.4734316788584263e-01,-1.2862131613933175e-01
-1.0220081740692495e-01,-1.5312848362033484e+00,-1.3348347977870259e-01,-2.1377475703023352e+00
-9.9643942102636274e-01,-9.0032510180863912e-01,1.8375660380526246e+00,9.6783155597850890e-02
-5.9336143778252227e-02,2.3761581670471929e-01,-4.6940278159009752e-01,-1.1399924667005112e-01
7.0459196280994763e-01,-7.9304184314679382e-01,-6.9131876790299418e-01,-1.9653445539484027e+00
1.7522473590449997e-01,-1.3476141935560810e+00,1.1088772393951572e-01,-5.0321477797800718e-01
-1.1405934731977576e+00,-4.3853081003927930e-01,1.3765791466551591e-01,4.4178072487586173e-01
1.8263968392492111e-01,-8.7255494533331723e-01,5.1560494208581031e-01,-9.4794288221401668e-01
-7.2825099033443996e-01,-1.5461171304704675e+00,-9.2785720452778897e-01,1.3201390278995828e+00
3.9316616316193043e-01,5.8978666349120412e-01,3.2269463806319343e-01,1.2411842150879426e+00
-1.9634544572732446e+00,5.2618314509557784e-02,1.3189080688117880e-01,-1.1005268233829204e+00
-3.2665733141527564e-01,5.0618762969594910e-01,1.4647294356204275e+00,-2.7505194858386224e+00
-1.4555808656266802e+00,-1.7213963758522093e+00,-1.9038658383273435e+00,-8.3431635495049528e-01
-2.0358444023322952e-01,3.4919022673394307e-01,3.8100981155920283e-01,-1.0343226309619380e+00
2.9567399815879258e-01,4.4096439637599105e-01,1.2384325346782754e+00,-8.0820877614272302e-01
6.4362767478576366e-01,7.6539534935648557e-01,3.3064560343904720e-01,4.8170166656009822e-01
7.3445300999343222e-01,-8.7873473623383203e-01,5.3963784826667305e-01,-9.5463896905531653e-01
-7.3000872689940521e-01,-9.7167924105666448e-01,-6.3161735489966075e-01,1.8224556696091108e+00
9.4498094548298578e-02,8.5114419521176032e-01,-9.9392912456349647e-01,-7.1044266416579993e-01
-5.2368242768180739e-01,-5.7976024954114502e-01,-1.1217369132483728e+00,8.2312838491535256e-01
3.1019676964185522e-01,3.6274573858388759e-01,-7.4757710562794677e-01,1.3900810099114302e+00
1.7073890319941001e-01,-3.9521309367053468e-02,-1.9205770060553762e+00,3.1319840347885699e+00
-4.7937397356397971e-01,-2.5877820383606603e-01,1.0201587220439057e+00,-4.8030701508906748e-01
4.3567778278310360e-01,2.2881586839671590e+00,1.5277658020345073e+00,-3.0663130497619207e-02
1.1596112430242118e+00,-1.3049302606244546e+00,3.3687878688640999e-01,-9.0980181183554398e-01
7.1338804368536191e-01,-1.3866200093474008e+00,-4.8927392992676505e-01,-2.4158249329588735e-01
-6.5336931196519121e-01,2.7838220948446729e-01,-3.7709135194298504e-01,8.6650371526709502e-01
-2.5582969955979057e-01,1.4023863853127858e-02,2.9135133538516089e+00,-2.3648959916555787e+00
-1.3143523950552916e+00,-5.7867455276357704e-01,-5.8239700105189218e-01,1.2883606808482190e-02
3.0734941292468798e-01,4.6321308475217537e-01,3.1941419991307118e-01,9.7110544597051662e-01
7.9146619259485163e-01,-4.2551556451106054e-01,-1.5836587726949536e+00,4.5502410353071376e-01
-6.5838547315146090e-01,-9.1625880482642275e-01,2.3282128174781946e+00,-3.5839257883080516e-01
1.0639099843651563e+00,-8.1944264359682606e-01,-1.6297955068993777e+00,4.6506566549283940e-01
1.2897418877809100e-01,-3.7567841079169750e-01,4.9951768776913352e-01,-7.6130278615909386e-01
-1.1133106012858143e-01,1.4294082717158552e+00,5.6196108164900505e-01,-2.1809418768608588e+00
3.7037792823328941e-01,7.9963623526649807e-01,-1.4439123849750729e-01,-6.1893622731733355e-01
-1.6737124916612585e+00,3.7305275944198479e-01,5.5365381402781666e-01,-1.5225828469316111e-02
2.2055181029545960e+00,6.2017345246017441e-01,-6.6622115057863573e-01,8.4247107851156899e-01
-5.7222327330030420e-01,4.9566330214716903e-01,4.1017317265056119e-01,8.8742785924546685e-01
1.4236446867320993e+00,4.6362363360315068e-01,-4.7572135544474548e-01,6.5377033093927905e-01
-2.3431911458964053e-01,1.8841389818486640e-01,-1.0987827877001382e+00,1.3655267818148611e-01
6.9231720232437774e-02,-1.4542916229185618e+00,-5.0367547795853140e-01,8.7503890144360819e-01
2.5104554283328055e+00,-2.0039759280258296e-01,-3.9999906605796176e-01,-4.3582774686414549e-01
6.1268104111224637e-02,1.7144662881361197e-01,-2.2958830038135045e-01,1.2338924458696225e+00
-5.4749683672349170e-01,6.9030467489476055e-01,-5.6858711849573773e-01,-2.8213879154636778e-01
1.0296608885197505e+00,-9.7570764916148689e-02,4.5955775446422170e-01,9.9283553021270121e-01
7.8549506458510709e-01,4.4019860212283962e-02,-1.2422229964084908e+00,8.6369951821868796e-02
-1.3480864720814343e+00,1.1316412316090724e-01,1.2200958625967722e+00,-1.6721281177621516e+00
1.1248087299615623e+00,3.9861627253050308e-01,-1.0758621156810815e+00,-6.7002385930423514e-01
-2.4135765873049433e-01,-8.1254760271285098e-01,-1.0464026687758642e-01,-1.4846746115643403e+00
2.8507147393666417e+00,5.8286592927284531e-01,-1.6902165716287920e+00,1.6999866183400965e+00
2.5010388464266806e+00,1.0367263815909777e-01,-1.3335631103352716e-01,9.0677638191278553e-01
-4.7796349151377443e-01,-1.5576025938204799e-01,-4.6324458885053675e-02,1.8275112363868701e-01
-1.0371732171308465e+00,3.6047524745117027e-01,-1.1503115485090234e+00,6.1308943667430604e-01
-1.3163520463308739e-01,-1.0226230382134993e-02,-1.0354244369848999e+00,-1.5645860161015874e+00
-2.1507889757783047e-01,8.3935038277623564e-01,-7.3859128218120307e-01,-3.4235276525619140e-01
-1.5957470382050321e-01,1.6880963860505258e+00,6.9366456262294285e-01,1.9193222027715804e+00
1.8844537356230160e+00,1.6477603892414099e+00,-8.4998556323348873e-01,1.4910913753793964e+00
-1.7181295589513013e+00,2.0078611539421196e+00,-7.3327122813281176e-01,5.8487407552147164e-01
-1.3740831257561195e-01,-2.4930665710320112e+00,-9.9503031299121580e-01,5.2870854629040309e-01
-1.7473472982779625e-01,7.6714047322206685e-02,1.1842916458898280e+00,9.4708755731007510e-02
-3.4683549954357545e-01,6.2047461313230312e-01,9.3052856187104471e-01,-1.4663240133845282e-01
1.4434229265449888e-01,-9.5360941944290345e-01,-3.3179930040058131e-01,-7.6420262080762602e-01
-5.5453980530087843e-01,9.4547334321591436e-01,2.4955942586922847e-01,-2.9624077637439107e-02
4.0075868921415253e-01,-7.0686404155628868e-01,1.3127951191320266e+00,-2.2249069807911215e+00
9.6685646759916555e-01,5.3176930694970315e-04,9.7615269988055542e-01,5.4732941297680915e-01
-6.2027643623477247e-01,-1.9539603354718078e+00,-9.1873120675244377e-02,-1.7402512386450733e-01
-4.2428917071673833e-01,-6.9313090765041840e-01,-1.0456370785554849e+00,1.6321419954653773e+00
-1.0595184628129285e-01,-4.7010999592071023e-01,9.6238001236469295e-01,7.3485314475118457e-01
-1.8825256227418704e-02,-1.2221915861156055e-01,-1.5863643152891840e-01,-2.0605074661989389e-01
-3.3873628530056460e-01,-8.8419304321815539e-01,1.4608463606653455e-01,-3.6307373296851242e-01
4.1710100252057652e-01,1.8410774167523125e-01,-4.3768543210628991e-01,2.1701946704786681e+00
-4.2086794392376548e-01,-3.5296230669613854e-01,2.5299815476655002e-01,6.2692067205079394e-01
1.9426143880695176e-01,-3.0501097526826471e-01,-1.3903682695436841e+00,-2.3588305040527335e-02
8.1745472709893718e-01,-1.2529101661862603e+00,1.6892086636641390e+00,-2.0964001400249060e-01
-3.6843773010829341e-02,-1.4227599726953162e+00,1.5268632182089176e-01,8.4639819556640306e-01
1.0843491924032304e-01,-1.3088854179505798e+00,2.2707339481614838e-01,1.3713980982136964e-01
4.7760634901750859e-01,-2.0822753545203776e+00,1.0795837169686424e+00,-1.5411741415709588e+00
-3.2387155908592946e-01,-1.3267139138565822e+00,6.8260439809099005e-01,3.0325094331245583e-02
6.5080120888108950e-01,1.8710855066785728e+00,-2.2766208518859514e+00,1.7596051510373303e+00
-4.1035551869250597e-01,6.6509080192523107e-01,-1.0212357654466557e+00,1.7570083302332979e+00
-5.7522030558316584e-01,1.1518491362714163e+00,2.2732397135678850e-01,-9.7823730064268721e-01
-1.6377499083664968e+00,7.8756203442391992e-01,-3.2904530571815338e-01,6.7889127566959895e-01
5.7735169992006119e-01,2.9281174198604776e-01,-1.4184932801684595e+00,5.4954468308072757e-01
-1.0034295160440645e+00,3.3733851382970853e-01,-1.2845319058945628e+00,5.0858271671640476e-01
-9.8239383392128976e-01,1.0515179782706552e-01,5.5702374476448946e-01,-1.1487878088559216e+00
-7.9139401318224323e-01,1.4644487338481125e+00,-6.2580085891914827e-01,2.1193109579629370e+00
-1.1355037725175630e+00,-1.7577540844610786e+00,2.3626502904738594e-01,4.5430844085275968e-01
1.0002219688730696e+00,-3.4587848219990414e-01,-5.9606974825229542e-01,3.3858172070306863e-01
-1.6944430230527476e+00,-1.5949180749421898e+00,-6.5681238623255984e-03,-2.1661136912043730e+00
-3.4974784706448353e-01,-1.6880724991227565e+00,-3.8356213677088996e-01,1.5044546237156320e-01
1.0891899403389438e+00,-1.3609869931895557e+00,-5.2400946993286313e-01,-2.6370876434782808e-02
-4.7788266634131954e-01,5.8700723823543144e-01,3.0391168812617220e-01,-1.2726581062868838e+00
-1.1163543409394008e+00,1.7341981138924343e+00,-4.8638675579037494e-01,-9.9215098881760722e-01
1.4274820991555652e+00,1.7555421148666033e+00,1.2948335980152308e+00,1.6368903412484825e+00
-1.7374923636305908e-01,-1.6684695917633824e-01,-9.4052805338299994e-01,1.2549699999257205e-01
-4.0496430764867608e-01,5.8852155177824750e-01,-1.0248254473606158e+00,-7.7636331291133320e-01
-2.2194277675538303e+00,-1.9667831423684592e+00,1.9724136163478470e+00,-2.5456145233372229e+00
-2.9056717834557638e-01,5.2834973023386089e-01,-4.5063296568226507e-01,-5.4292943820228301e-01
1.3076083668981076e+00,2.7873167177623259e-01,-1.4551195793599156e+00,5.0477441697243630e-01
5.2723359377945023e-01,4.3761395819583770e-01,-1.0183106996682072e+00,-3.9065339625446949e-02
1.0328888158825624e+00,-3.8243441524266092e-01,1.5908054476467655e+00,-9.6913412688162337e-02
2.1042397175028058e+00,7.9876897160468929e-01,-8.9255359416621072e-01,9.2868357517150196e-02
4.8416816680031133e-01,-3.8323792024850034e-01,-1.4682627461106810e+00,1.0043394113846684e+00
4.9801937238422633e-01,-8.9784946008007016e-01,-1.0228179687566510e+00,1.8173299569254788e+00
2.0302879780310015e+00,1.3602147996526317e+00,-5.1941470053311256e-01,9.4604543845361388e-01
4.4282210475235041e-02,-3.6606044889687550e-01,-8.7659902003579915e-01,9.7725821783631284e-01
2.0319506190296752e+00,9.4681407617995750e-01,4.1299700094489211e-01,-1.9971183379898449e+00
1.6695642669884041e+00,-4.1345057040766520e-02,-4.7104654251598582e-01,1.6629734519417949e+00
-4.3222910556002359e-02,-4.2655089261292783e-01,8.8712872130940457e-01,1.7593548122690721e+00
6.5080120888108950e-01,1.8710855066785728e+00,-2.2766208518859514e+00,1.7596051510373303e+00
1.8919183355777067e-01,9.6868854487731937e-01,-7.5589720289577722e-01,1.4468044817746134e-01
-5.6113490128070653e-01,-9.4332506171081942e-01,1.5121363918517825e+00,-9.2136948372038208e-01
6.7009687510980565e-01,7.6800684652782780e-01,8.8545319034560099e-01,-1.6037377107968300e+00
-1.4610898826881260e+00,-5.0425229085301215e-01,2.6264439894803548e-01,6.5680721278239307e-01
-7.5784532713916841e-01,-5.5406343225176014e-01,8.5711423751195537e-01,-1.6985313331867455e+00
-8.2092006060911027e-01,-2.4053494735792347e+00,1.6411371429045904e-01,7.1647487391733888e-01
1.4714179924182618e+00,1.7514761055165640e+00,-8.6821914793408439e-01,-2.1082444890740909e-01
1.3128390967849235e+00,2.0211785576806368e-01,1.1483916210831667e-01,-3.3030405945941682e-01
-2.1544980106706141e-01,6.4824961606931431e-01,-1.8014404357453044e+00,1.7272215925625372e+00
-2.8117493808280547e-01,1.1504140323846118e-01,-9.3565156751990308e-01,-1.5435743470496845e+00
-2.4510373221407342e-01,-1.5349013732684691e-01,-2.2155519340323675e+00,1.1079400896883156e+00
7.0823607288132040e-01,1.1548156543448567e+00,1.2135686204679207e-01,-4.6718666236843731e-01
5.5870803052590201e-01,5.6657104086712451e-01,-2.8485076127206371e-01,1.7364794567448569e+00
3.9765043232221858e-01,6.4706019239524415e-01,-1.1012229599085777e+00,7.1308448968937133e-01
1.6713924712134451e-01,-3.3234168480394455e-01,1.0358987382689966e+00,-3.0362048960522348e-01
-4.6877241926706098e-01,6.4587503698725734e-01,-2.4877528269590541e+00,1.9655354338486197e-01
-6.0509486147654667e-01,1.4963985328561118e+00,1.6196487836824029e+00,-9.6245443799880759e-02
2.1755371429066019e+00,1.1142870122674624e+00,-6.3184988699070554e-01,2.1789157826379091e+00
-6.0266961215799486e-01,2.8484133547394486e-01,-1.0205528732486182e+00,7.1796974573266947e-01
4.9365522293265035e-01,3.8899725369177662e-01,1.0093116522960245e-01,-6.0418647671333237e-01
-1.4352364144918714e+00,-7.7291787604430506e-02,-1.1041139457740932e-01,6.8122231171159509e-02
1.3509635668628377e+00,4.3132849752954733e-01,5.0992909749932502e-01,3.3661355743189919e-01
9.7274680348339737e-01,4.0705835925702200e-01,-1.3314104038070365e-01,2.0459209900444106e-01
1.4536600522542615e+00,-1.1065258456937930e+00,-2.5572372761401058e-01,-2.5623779903854316e-01
-6.0278278756493775e-01,-9.5325931019513055e-01,-2.4352510195766031e-01,1.5145041875559890e+00
1.6819282834173507e-01,-1.2007298258377366e+00,-1.3007369608753444e-01,-2.0582740213340037e-01
-6.1553716707606398e-01,-5.1387081584797578e-01,1.3181694011899405e+00,-4.1943615098108900e-02
-6.6974219592239825e-01,-1.2370193541637444e+00,8.7658251911565410e-01,-1.5881192457240159e-01
5.2224819216852725e-01,9.3147172466943584e-01,-1.8035741780456077e-01,2.1265148342829282e-01
-5.2364776193704476e-01,-2.5632664854338694e-01,-2.9458945612668108e-01,-7.3944585477498992e-02
1.5229796678524403e+00,-4.7708753973233764e-01,-7.7233539112442995e-01,-2.7963792286439721e+00
3.6465349255458973e-01,3.9119058924973399e-01,-1.1561637931003262e-01,3.7862227400739557e-01
7.4398076878155761e-01,1.7270232611448328e+00,4.4276315766751623e-01,-1.0277740619670706e+00
-2.5554364902613519e-01,-8.3729991428154471e-01,-6.0803677876436216e-02,1.6115381315620592e+00
-2.5451544438197837e-01,-6.8923231323248135e-01,-3.2765713866869833e-01,1.6958281685928453e-01
-1.7216395711384527e+00,-2.6517662459548014e-01,5.8634559367546346e-01,-3.9387764722777929e-01
1.0213861891573353e+00,-1.2295858488688033e-01,1.0075862599766305e+00,1.2690942562117686e+00
-7.3000872689940521e-01,-9.7167924105666448e-01,-6.3161735489966075e-01,1.8224556696091108e+00
2.1988940826133554e+00,9.3526687683689269e-01,1.7647973181588275e+00,-7.5654122702957272e-01
-1.2027260647313407e+00,6.4793051321094675e-01,-1.5457541227520231e+00,1.5236596762046366e+00
-7.2813373514717461e-01,-1.1717095860437572e+00,1.6560938707143089e+00,1.7743645014363230e-01
9.2079247177958859e-02,-1.3918520927942930e+00,-1.2964264745934724e+00,4.7371788306806661e-01
-7.6183552323015602e-01,-8.6572119761622313e-01,-1.9253578707270230e-01,1.9860319842489478e+00
3.9925774238317580e-01,-2.5411687833907132e-01,-3.0853317562342425e-01,2.9193162897782032e-01
1.4770168117935151e-01,7.0600414015464810e-02,2.9595969260729532e-01,6.3880330281205189e-01
5.2542131263485836e-01,-1.6888829868450079e+00,6.9350721558170725e-01,2.6486920354968835e-01
1.8607290051071207e-01,-2.8775259788694378e+00,-3.9536022737200810e-01,6.3604407826771880e-01
-1.6286039475174434e+00,-7.6693884478056640e-02,-3.8958271431347263e-01,-1.3976058337616823e+00
-7.4605744854593259e-01,-4.8162673157722374e-01,2.0691560083803449e+00,-2.2157706757302762e+00
-1.3194988083767905e+00,-1.2417601790684896e-01,-5.5331444930652940e-01,-2.4391667087851809e+00
5.3548002643073001e-01,2.1071170504935882e-01,5.3073149975823075e-01,-3.9352518261573532e-01
9.3093329895720778e-01,7.0193011697092356e-01,7.4923778722446022e-01,-1.5405297615461995e+00
8.2441628082516782e-01,6.7593903022505542e-01,5.3421098123431610e-01,-5.3600736952581762e-01
4.0408219327827682e-01,7.3556965370642924e-01,-1.0365966907699228e-01,3.2855979012961278e-02
-1.9731541666970012e+00,-3.1215958597561864e+00,-9.9505499850974433e-01,-1.6087955926553105e-01
3.7093461650935311e-01,-1.4544092147791159e+00,8.5198099454144693e-01,-1.1085054345086962e+00
1.3346041818236418e+00,5.0586515155120981e-01,-1.5419655230082510e+00,-4.6158402831272632e-01
2.3488800329965839e-01,-3.2731399562254027e-01,-3.1643761175120938e-01,1.5675332362076906e+00
8.7369420315819490e-01,-6.6694113591197413e-01,3.6669696034861571e-01,2.0027358535788551e+00
2.4919441032308201e+00,1.3888123585361236e+00,-6.6135797650480888e-02,7.5410943678905973e-01
1.3336637511073635e+00,1.4903712313426793e+00,-5.4724518364321084e-01,-1.4531722173964052e+00
1.0420144839561038e-01,1.2396148791733848e+00,7.4347542648006959e-01,-9.1050169985792895e-01
-7.7532598325693106e-02,1.1928511908804140e+00,-5.6121424598560388e-01,4.0394235561895364e-01
1.0002219688730696e+00,-3.4587848219990414e-01,-5.9606974825229542e-01,3.3858172070306863e-01
-1.1008607848337546e+00,6.7626582791379120e-01,5.3584050636385483e-01,1.0968900296025417e+00
7.5083551633089463e-01,1.6417644484946072e+00,-1.4117135172988768e-01,3.8776710969540919e-02
1.2362110735288705e+00,1.0208223710344666e+00,1.7172235427858900e+00,-3.9397005132369262e-01
-3.8736195963004832e-01,1.3798965527665594e+00,8.2719879496369730e-01,1.7464628859217543e-01
6.2897678793989253e-01,-2.3105391288111829e-01,1.1457094804576255e-01,3.8685118906687155e-01
1.5580759669164077e-01,-5.8009509401248355e-02,1.3171932622508245e-02,2.9966725871559359e-02
-9.6293063229363499e-02,-1.3934820279893740e+00,-5.9851211047082198e-01,1.6076735938567048e+00
-1.6172791697323909e+00,9.8901999016583431e-01,-2.8513708118705783e-01,-7.3055686664574571e-01
-5.0996960857002704e-01,-1.2704488259315245e+00,-1.5120875229823813e-01,-1.1949473266784708e-02
1.0300214873861044e+00,5.3925341399691151e-01,7.2802200876416992e-02,-1.1615982563957095e+00
6.2661300264302566e-01,-9.4940359984618727e-01,-2.6104811248980875e-01,1.2543602387179968e+00
-8.9452857062457691e-01,1.0536220481036820e+00,1.1168149240238741e+00,-7.3178494674438732e-01
1.1500274695432102e+00,4.8569743180567798e-01,-2.0474676066308115e+00,-7.9125969915816552e-01
2.4328299777115214e+00,-6.2860127027383172e-01,-9.3792136659704994e-01,1.3158680197240205e+00
-1.5802649042576145e+00,-1.0336517637021572e+00,-1.0289269967011276e+00,1.6642001391231029e+00
-9.6094912765458662e-01,-2.4195249968379448e-01,-1.8704492037986492e-01,-3.5430160709018255e-01
-2.4347532315111323e-01,2.1740570525878208e-01,-1.3398616929530456e+00,-8.0476265650502521e-01
5.6698404211092190e-01,5.8557109183842349e-01,3.5205744801547273e-01,-1.2489397319767668e+00
-2.1189744650194191e+00,2.8170321303545354e-01,8.3670341347315003e-01,-1.1294415001342988e+00
7.1627305174375613e-02,9.3423982676014072e-01,-1.3912252922113124e+00,4.3039297181958869e-02
-4.0855945269971522e-01,-9.8871698877888892e-01,-1.0259480250669766e+00,-2.6783121862487491e-01
-1.7161294637910014e+00,-6.1930375235270740e-01,2.3127556662913773e-02,2.9455954633021786e-01
1.3909159621715563e+00,6.5078084694135285e-01,-1.1344279814734375e-01,7.8089146071661630e-01
2.8267807195006833e-01,-1.2124843389616522e+00,-6.8235468461344162e-01,6.7137427030379693e-01
-4.3737180250224961e-01,-3.9659067145738458e-01,9.6365474561563014e-01,-1.1076992780280359e+00
3.6390157890555708e-01,-1.0811154177960323e+00,4.0355870699048772e-02,-6.3594821334112039e-01
-2.5313706307507350e-01,2.8749905974062362e-01,-2.4644161662747868e+00,8.6550078160861943e-01
-1.3322579294549619e+00,-2.7876513498336144e+00,-5.5122311410243285e-01,-3.9657691276240820e-01
-1.1949182415979727e+00,-9.9043836758323800e-01,2.8266446824665914e-01,6.5099193058706128e-01
-2.5964574343398517e-01,-5.6587061376903736e-01,3.3616471980368517e-01,1.0612135775103197e+00
-4.9606146926131009e-03,-8.3691783075770942e-01,1.1773631504184598e+00,2.1711806215998775e-03
1.7522473590449997e-01,-1.3476141935560810e+00,1.1088772393951572e-01,-5.0321477797800718e-01
-7.2727533371191078e-01,-1.2539620052223976e-02,1.4917799065491444e+00,6.7842498815188090e-01
-5.5322717560317003e-01,-5.5417514797703926e-01,1.6697929113824566e+00,-1.7944182946449163e+00
-1.5079294002910657e+00,9.1262197951562329e-01,-6.0001287214982124e-01,3.0296343710209916e-01
-6.0476943250697979e-01,-2.6920532044146661e-01,-9.4268687012100760e-01,1.5949621783790574e-01
8.0450305332769090e-01,9.7797175690850691e-01,-1.2050591188718002e-01,2.1582515711168591e+00
-9.1439615060670643e-01,4.4853950800454118e-01,-1.9667759748506268e+00,-1.1911414400113407e-01
-5.8060620213300873e-01,3.1901317426739306e-01,2.6652621501180335e-02,-2.1533541027141561e+00
-1.2785671477293188e+00,-3.3773105441753815e-01,-1.3871032691572369e+00,1.3703809473040046e-01
-1.1337964102039140e+00,-3.0168676538726302e-01,4.8210798746314065e-01,3.0553057205716598e+00
1.9054130375263664e-01,-1.5252077528388694e+00,4.5217970949683946e-02,4.6606441749549204e-01
-6.1417526205672435e-01,-1.1335306886624336e-01,6.0689960126313935e-01,1.6380085047361279e+00
3.1054187671730418e+00,8.3687557740310814e-01,3.8811398483401099e-01,3.5594039245349296e-01
-7.7347524746122132e-01,1.2586673032392364e+00,8.5127908314489276e-01,-9.1353022054784605e-01
-1.9634539293165347e+00,-1.4761282395706652e+00,1.8629332304252788e+00,-1.4664029202390676e+00
5.0638356524196004e-01,-5.0717285281213798e-01,-7.8902391664096938e-01,-5.8433274424636389e-02
-2.7044682486149324e-01,-1.9117783955919371e-01,-4.3949928255400150e-01,7.0892049656824593e-02
-1.5793990155172852e+00,-2.4194762508015284e+00,-2.2362019754235088e-01,-6.9662060387372637e-01
-2.0999943635603135e+00,-4.4483899628256884e-01,-5.3749641934258685e-01,-8.5075804476608541e-01
-1.6607498580608859e+00,7.5449099948077603e-01,-1.1392856963706288e+00,-5.0088470784133488e-01
-7.5600098680369265e-01,-1.2676955931483331e+00,-1.2239622324540491e+00,1.2505036436302779e+00
-3.6327855230415415e-02,-3.7606982360828234e-01,-4.8946765524904517e-01,-1.7333138214071675e-02
7.8829672471150303e-01,5.6920374565221699e-01,1.1053944519670862e+00,-5.5330928502685706e-01
4.4577511056961694e-01,3.0822757451627558e-01,3.7760849149105169e-01,7.6772695389785961e-01
-7.2359872350333365e-01,-2.2484306398183396e+00,-3.7252305905271055e-01,1.3682112167660272e+00
8.4582889729318245e-01,7.4814548824264226e-01,-3.4881383798488952e-01,1.6981446430780328e-01
-9.3182572626672999e-01,3.5701732873043313e-01,-4.5531122011652131e-01,-8.8609899125356828e-01
-1.2696494178437854e+00,2.0080361076221193e-01,3.0238195025495490e-01,-1.5130658612550965e+00
-1.1708179003593275e+00,-3.8633385017508098e-01,-1.7788960723001033e+00,5.1665657249716057e-02
1.9967973735227434e-01,1.7896685158802177e+00,1.6850443777066832e+00,-2.5656212510711707e-01
-7.8064254369777075e-01,-5.5874436496118374e-01,-6.3676941693509737e-01,-9.3748814665675240e-01
-6.3409809476749934e-01,-5.3002585732392887e-02,3.0915192186231610e-01,-4.6332340631898611e-01
-1.5048028947033579e-01,5.5323793850881031e-01,-1.4408793439756540e+00,2.1786910514961266e-01
2.5566949263833361e-01,-1.4674597917866463e+00,-6.6788886406165726e-01,1.0208040406964596e+00
5.8161406735055161e-02,1.6066824049403567e+00,2.1793542608133780e+00,-6.1721984162781962e-01
-9.7955478625960180e-01,-2.3587726637396980e-01,-9.0920690150569317e-01,3.8766709537001365e-01
7.1262508087198495e-01,9.3736129849832905e-01,-7.0875533209325681e-01,2.4091689464706683e+00
6.4690491791912774e-01,-1.0422884736236555e+00,-2.8828131187905565e-01,8.1175786175779452e-01
1.2871961657172555e+00,-1.5682044424794181e+00,-2.4413900626491083e+00,1.3962422054281924e+00
1.2532221886827721e+00,1.5202370616592789e+00,-6.6260352966959657e-01,-6.5849005948029826e-01
-6.1359953730705541e-01,5.2979414612816356e-02,-7.1466366369158679e-02,9.3656174038888551e-01
-1.6759134246940519e+00,-2.3786437838108315e-01,9.5722335840393513e-01,1.5542480671655207e-01
5.0263017801550491e-01,-1.3872585406002362e+00,-1.7860111475678281e-01,-9.0010289157458823e-01
-1.1933517138947396e+00,-1.3425662340561972e-02,8.0388451616461176e-01,1.6968710273774839e+00
-7.9013653634737158e-01,-7.8536967910463695e-01,5.6883658419279193e-01,4.6175642464951305e-01
1.0396278303187446e-01,-2.8758426874684234e-01,1.6855823908178091e-01,1.2975425492245565e-01
-8.7385416245165348e-01,-6.6342310539688754e-02,6.1822628535483137e-01,-1.3182417726399327e+00
-6.2478077631973661e-01,-2.1830277428307615e-01,2.3363840718841300e-01,5.5205641513146031e-01
2.0817415303287934e-01,7.9568074344582163e-01,-3.1273249316556873e-01,-1.0737501490532428e+00
-8.9560188713461530e-01,8.9331446388797064e-01,1.5984085104221142e+00,2.9839235969982997e-01
2.0800573957919827e-01,-2.4722718783347719e-01,1.9213597263268711e+00,2.1103143526603352e-01
1.6441354129998582e+00,-7.4026850303518210e-01,-8.0423451631446752e-01,-1.1865181424421174e+00
-7.7825215571709550e-01,-6.0600956613060974e-01,-7.1083489241850639e-01,1.3480409231277162e+00
-1.4376493057690547e+00,-1.4828247966167634e+00,1.8345763564998019e-01,-8.0926166839751534e-01
6.0999272162137930e-01,-5.1178925270741116e-01,-7.3058233125219074e-01,-2.9193948654563040e-01
1.9003330976757167e+00,-1.2929877172518194e+00,1.0523420505678469e-01,1.0881315398655498e+00
-5.9329652420197687e-01,4.2825640753681726e-01,4.9566175772105120e-02,1.6811669175232133e+00
1.3029657670900430e-01,2.9691605136194499e-01,3.2946097286730963e-01,5.3015070378024309e-01
4.9676064283130078e-01,2.2154745786757282e+00,-8.4250802601437025e-01,1.6335461791875945e+00
-3.0104195825321239e-01,-6.0935389931195205e-01,1.7608111172354322e+00,-1.0695505773401000e+00
1.0328888158825624e+00,-3.8243441524266092e-01,1.5908054476467655e+00,-9.6913412688162337e-02
-2.9680989560132400e-02,1.2456402690721931e+00,-1.4757614199306448e+00,4.8924102586794727e-01
4.4205087550497729e-01,-9.1407994345885424e-01,3.3307492359943625e-01,1.8947432255644769e+00
2.2177349009051395e-01,4.6867368046352753e-01,8.6449191849247611e-02,-9.7406713326264738e-01
2.0744131666367421e-01,1.2148268925833761e+00,4.4749394832544687e-01,2.6005782209710582e-01
-1.0204499900831345e+00,2.1880504998133282e-01,-3.0458718783722294e-01,-6.2255833728244378e-02
-4.9332227958092495e-01,2.0578963532533726e-01,-8.5153986796779180e-01,-5.4489257420456738e-01
-1.5475088097529064e+00,9.1889830940501882e-01,9.3777158701453889e-01,1.0192780885380055e+00
2.3667324406000732e+00,1.9134692647423457e+00,1.5521571419475100e+00,1.1551293658117994e+00
5.3910839074915262e-01,1.2347368638420497e+00,1.7354298438379963e+00,-1.5380150826866168e+00
-6.6449795040562598e-01,7.9832081797147486e-02,7.5119514853193459e-01,3.2765284808022888e-01
9.7534251451516596e-01,-5.3588683034289386e-01,-3.9593132802834280e-01,-4.7813920495124629e-01
-1.1355803184263478e+00,-3.6718659294931522e-01,-1.4252898279503370e+00,2.2113098131720785e+00
2.0549459016224505e+00,1.5386365237632287e+00,-1.1679784611562254e+00,1.4751631445534539e+00
-1.2111189009670178e+00,-9.0008705811896395e-01,-1.2457074918765827e+00,-4.7009890387414338e-01
-3.1554405868277274e-01,-3.8590188732376901e-01,-9.2008580642817983e-01,3.0057312666209451e-01
-9.3450179309298165e-01,-6.4501345309639535e-01,1.1758272811248195e-01,-1.3551013152011165e-01
-4.1669653413408597e-01,-7.9366426501314624e-01,4.3456245090800200e-01,-1.3676437068811409e-01
-1.4228536481598362e+00,5.5569484824871163e-01,-1.0303623765633132e+00,-6.4714828880031172e-01
2.5411194039826185e-01,-6.5551715652945541e-01,5.9961199725593184e-01,4.0684011953826049e-01
8.8647592382120710e-01,-4.2177618059513861e-01,1.6255754370444078e+00,-2.1124237160279260e+00
-1.8990985853916629e+00,-1.0210826274627873e+00,1.1227361916040126e+00,-1.2468170182033376e+00
1.5345653223591229e+00,1.3769519293120243e+00,5.4843727360229055e-01,5.9893622729255702e-01
-1.1883008524626548e-02,-1.8438741202011444e-01,-8.8522462789276757e-01,-2.1695906037096089e+00
1.5360338584184836e+00,-1.3776493289633657e-01,9.4784843863200430e-01,3.5070601802764884e-01
6.9262561554541816e-02,-4.4432205099696526e-01,-4.9259724799219418e-01,3.0996330591904736e-01
5.0276352587681268e-02,-2.6080304105365032e-01,-1.2370775728035144e+00,-1.3053720652291412e-01
-7.7634953310983390e-01,-1.0104397734880388e+00,2.3494540151331264e-01,-3.2659171140328291e-01
-2.0080825224430416e+00,3.0198556428469325e-01,1.3381227439467480e+00,-5.4933428610584711e-01
2.6363166316537288e+00,-3.0299935253702825e-01,-1.2681046495642618e+00,2.0669154208897837e+00
1.2086690437530705e-01,1.5652939625559896e+00,-8.3066469882759142e-01,5.8998484154326070e-01
1.2651977612571477e+00,-1.3364451824424534e-01,9.0973359608002480e-01,-4.3957014840902731e-01
2.8746486753015770e+00,6.9788046860141262e-01,1.2593378013058336e+00,-1.3441319944630952e+00
-1.2052742972258188e+00,-1.6584085373293855e+00,8.1625739419574177e-03,8.9613491387068145e-01
-1.5839064547730087e-02,1.5458031549202282e+00,8.6433701237971439e-01,-4.9923013486134238e-01
-4.1941236348657801e-01,-6.1173109861757935e-01,2.5469684060263714e-01,6.2034205942883869e-01
5.2416251575080251e-02,-5.6138676180291280e-01,3.0094251099243713e-01,9.4195063553970365e-02
6.6013998146011166e-01,4.6998752971306518e-01,-1.6249426618707332e+00,5.3827628041524134e-02
-1.7748407618010256e+00,-1.7082686896696386e+00,-2.0761793680434845e-01,9.0786978711090882e-01
1.4613201198797361e+00,9.6964246750355265e-01,-2.5350058547441184e-01,1.8294464721693315e-01
9.2474093388607137e-01,4.7495689240178274e-02,2.8071889208102230e-01,-1.4017294033866696e+00
5.2058823903052420e-01,-9.4298829276441298e-01,-8.9408279576470864e-02,-4.4152515317300622e-01
1.0396278303187446e-01,-2.8758426874684234e-01,1.6855823908178091e-01,1.2975425492245565e-01
4.9402224198769767e-01,1.0496470631561158e-01,1.5597179169891031e-02,1.3534120406453480e+00
-2.5964574343398517e-01,-5.6587061376903736e-01,3.3616471980368517e-01,1.0612135775103197e+00
3.6087551981825816e-01,-2.5022258831406774e-01,-1.0021969132456472e+00,-7.0434098792295829e-01
3.1216577025083658e-01,-9.8639597483061714e-01,-1.5309525960475856e+00,-1.3723462722478319e-01
8.1520182944686870e-01,1.2503065475116690e+00,-2.1329389561752335e-01,-2.2550081851447665e-01
-1.8433777565920276e-01,7.0197137243943497e-01,5.1012616959940604e-01,-7.7339731128763356e-01
-1.9634544572732446e+00,5.2618314509557784e-02,1.3189080688117880e-01,-1.1005268233829204e+00
-8.9416898766179453e-01,3.4607520661703217e-01,1.1462634123090094e+00,-2.6454442278339552e+00
3.1883641188359224e-01,2.4178319972641598e+00,2.4471413056483629e-01,8.8460122751320103e-01
-7.4725995371477794e-01,-1.4496983987940693e-02,2.0430736372808264e-01,1.3555231654260975e+00
1.1320393225557281e+00,-5.3110684408926079e-01,7.3163028428849874e-01,4.9919311071476846e-01
-6.3864944568832227e-01,7.2011933990430960e-02,5.2013765209489293e-01,1.3182729264629575e-01
-1.0744560823778897e+00,1.5290936067496574e-01,1.2753630280161812e+00,1.5484077914877996e+00
2.8709265275737633e-01,1.6798057504423630e-01,7.7558303034220427e-02,-1.0444078786311524e+00
7.3445300999343222e-01,-8.7873473623383203e-01,5.3963784826667305e-01,-9.5463896905531653e-01
-4.5392831438395748e-01,9.5309250360356745e-01,-7.8803772842539610e-01,-8.5222253446491014e-01
-4.5899877403206037e-03,-1.0672413497539521e+00,-9.5035579070493825e-01,9.8012500485337689e-02
7.9444050255876153e-01,-7.6602359835015427e-02,-9.6441034521495739e-01,3.9632179279650470e-01
1.7328840872443341e+00,2.6897987502987601e+00,4.2050559359963197e-01,1.7112230926856244e+00
2.4081787110284836e-01,-2.1551260302698777e-01,2.7637652301271465e+00,2.5033636014369365e-01
-3.6075964510959524e-01,-7.6197746429615765e-01,-1.9257673498949586e+00,6.4476914837440058e-01
4.3225041999039115e-01,-1.0032885422256053e+00,6.6528800567584589e-01,-1.4302398514685628e+00
-2.4946536572935623e+00,-6.2770331192328488e-01,-1.0535482649143801e+00,-5.3282321159460055e-01
-3.5639420703337199e-01,1.7848739229613081e-02,-1.5367096555182855e+00,-3.7310477661008401e-01
1.5183586400293542e-01,-7.9209082346159615e-02,-5.4565643524851215e-01,3.7165291354838936e-01
-5.9004167288503231e-02,1.8146713431378305e+00,8.5980048813946763e-01,-2.9364111826386008e-01
-8.6397564706478802e-01,-1.1804127881036703e+00,7.1907143421148356e-01,-1.0972040553347886e+00
1.0170513550797768e-01,6.2579029644822970e-01,2.9123662338372505e-02,-3.6353030648030460e-01
-9.1900997323420042e-01,2.2200015956348884e-01,-1.4227400029642923e+00,3.6296602557351831e-01
-1.1521440762268260e+00,-5.8988163755935019e-01,8.5600934268953244e-01,-6.4027517909683818e-01
4.2989843841275865e-01,1.4448508625779227e-01,8.0467460903248444e-01,-1.4161403714681284e+00
-1.0768824719546024e+00,8.8157217525362497e-01,-1.4757078861674713e+00,7.3027105050786056e-01
-1.8714052567877906e-01,-7.6938823486570351e-01,3.3489942497681163e-01,-7.6746290378418291e-04
-1.0394531886624057e+00,5.2223810176839081e-03,-2.2675099688266198e+00,3.7280697506176080e-01
-6.8844569856260152e-01,-7.6874933416942681e-01,1.4745313952089218e+00,6.3563751923742473e-02
-5.7491016611700674e-01,-1.5726184072958255e-01,2.7070391078534284e-01,-1.3922133891072550e+00
-7.6536150270973147e-01,8.5105134939189053e-01,5.6413964415343054e-01,-6.6108672095086962e-01
1.0568426122396823e+00,-7.0664398752694668e-01,4.5613462263134541e-01,7.1814645450821935e-01
-1.6581648736266046e+00,-1.6418356189271671e-01,-2.3949349179852558e-01,1.2359988622509221e-01
7.0040327261559487e-01,7.4176245880386926e-01,-2.2984197233068482e+00,1.0332504104711326e+00
1.3439090721066307e-01,-9.3517066880919741e-01,-3.9316711772178803e-01,7.2576647010315387e-01
-1.1798270757642531e+00,-5.3587815443706577e-01,1.2912681386717999e+00,1.0309172643983683e-01
-4.5014773338657010e-01,-5.7088888414398142e-01,8.3546486779287732e-01,6.3629663840740780e-01
9.0619798825216957e-01,8.3397329926024111e-01,1.4336691957329366e+00,6.2387308839402211e-01
7.3643225342813212e-01,7.9448619902404649e-01,-1.0295802728597261e+00,2.7977249494320811e-01
3.3233478263926175e-01,5.4953846911383208e-01,-2.3628095588217521e-01,-1.5848697078936058e+00
6.2129246024267648e-01,9.3349280946272861e-01,6.9238225815173959e-01,9.8404698210930563e-01
1.1144319535884324e+00,-7.3938073161296347e-01,3.8116297565033824e-01,-1.5276028168978315e-01
-1.0812848837323641e+00,3.5582740978635352e-01,2.4323465094351442e+00,5.8510067466591653e-01
-8.8493644471672650e-01,-1.3534225044867135e-01,-4.8038629047043568e-01,2.6156911159775714e-01
3.8492961976111500e-01,5.2175893416937380e-01,5.7826255235925716e-01,7.4625652642815732e-03
-1.3016422067041933e-01,9.4424861096895796e-01,1.3715820722260113e+00,-7.7075758207308809e-01
1.1400368559276029e-01,8.0020486909408295e-01,-1.3084055340848959e+00,-8.6474067184764591e-01
-9.5162730990593289e-02,-6.2225980839490491e-01,8.8897962750050086e-01,-1.5154612091102812e-01
1.6847088921925366e+00,-4.9978298572078994e-01,-1.3315159573873157e+00,7.4764254609570857e-01
3.0166751643264827e-01,-2.8485974133182490e-01,-1.5500277031986938e+00,1.9339389482995423e-01
8.2026693900519199e-01,-2.4690915594508167e-01,1.9192615546240619e+00,2.6556615842252285e-01
3.9293739389008620e-01,-4.9706212945371958e-01,-4.7157720374442685e-01,-6.0597368417572550e-01
-1.2783476779411445e+00,1.9562897910897559e-01,2.8424048586682810e-01,2.0359143625383473e+00
-1.7393203881469605e+00,5.2371891337380849e-02,1.4398466031528218e-01,-1.1415371711631350e+00
-2.2191553454534927e+00,-8.2447383423221832e-01,-1.5103455196295967e+00,6.0859822485154436e-01
4.3382714103926856e-01,1.6695631672409776e+00,-1.1815691259824455e+00,-6.7998942146206165e-01
9.2654656938843416e-01,-6.3959384941188491e-01,-8.8072802030714703e-01,-8.6565701591743094e-01
9.8786809253278973e-01,6.5500948826517680e-01,1.7889449739838583e+00,-1.8093569478750993e-01
7.4470816930281336e-01,4.8133775229535014e-01,1.1814596870611785e-01,1.2958727540305148e+00
-2.0400802413831736e+00,-1.4213573643087669e+00,-5.2123888870025344e-02,-3.8256227870340093e-01
-1.8664872845834115e+00,-1.6397447568652668e+00,-3.9403050597499950e-01,8.8741510527696466e-01
5.5398833449277507e-01,6.0844273724137221e-01,-1.2610440371814986e+00,2.9976427516375970e-02
-1.4270792017952180e-01,-8.4426562531952121e-01,4.0478456107388783e-01,-4.2780915222192378e-01
8.2315155295149023e-01,1.9264179470387430e-01,-6.6015298721300031e-01,1.3225042016986996e+00
-9.5315745638952454e-01,1.6875982082851351e+00,1.0251104276124006e+00,-1.8882249113006799e-01
4.8860399773083173e-02,1.6774525317490696e-01,1.5751542622796253e+00,-2.2228732290581505e+00
-1.3607670728491925e+00,-1.7079998302954535e+00,1.4370818897066491e-02,3.1085362921277659e-01
-3.1673677910548959e+00,-6.7621814931366597e-01,6.3106886706583099e-01,1.6541170664728960e-01
-1.4337718874930836e+00,-1.1412390291286532e+00,4.3494413194211151e-01,6.7522863649881237e-01
