"X0","X1","X2","X3"
9.7076982428769687e-01,1.7977570902296471e+00,2.7011532461240324e+00,-4.0924987749713204e-02
2.4488613669660786e-01,3.1834901967575652e-01,1.6455525884762234e-01,-6.4571047107735002e-01
1.6278752240343670e+00,1.4267706047355666e+00,-1.5494651210713626e+00,1.6572720657218792e-01
-1.5790409977870699e+00,-8.0505411879493360e-01,7.6819127344184213e-01,-2.2079025433585389e+00
-9.8534049370878563e-01,-5.0257673778176915e-01,1.0961654419968887e+00,4.8062938125164828e-01
1.1256369358422114e+00,-1.7756237310941130e+00,1.8818278272997696e-01,-3.0646810903169019e-01
-1.5170800151695260e-01,1.3448181984032756e-01,-9.6788464832530188e-02,1.2183395345656607e+00
1.0644271810741908e+00,-8.9489467723742999e-02,7.2848109679969675e-01,-1.3780125233007507e+00
9.6346060807439760e-01,1.5496538016808006e+00,-1.1116178284328311e+00,-1.7076915258613429e-01
1.3560753110805526e+00,4.0737744320215263e-02,-5.1654751700610857e-01,3.2334019296841626e-01
