"X0","X1","X2","X3"
1.1439572684863651e-01,-2.7449899290776574e+00,3.5557273232039375e+00,-5.2034839271591260e-01
-1.0034295160440645e+00,3.3733851382970853e-01,-1.2845319058945628e+00,5.0858271671640476e-01
1.1263258215789977e+00,-4.7619616122968522e-01,1.0615559376150558e+00,-1.3009197530205063e+00
2.7068753329244588e-01,-6.9744667632676072e-01,-1.0353886316641223e+00,4.0130661938908052e-01
-8.2566506924377364e-02,-5.8214572267250342e-01,-1.4507531270647080e+00,1.2564278235858604e+00
-1.2398998159406540e+00,-2.1036317424881812e+00,-1.7040497821151461e-02,2.7034703908687261e-02
-4.7796349151377443e-01,-1.5576025938204799e-01,-4.6324458885053675e-02,1.8275112363868701e-01
6.6701181016304123e-01,3.8313587993745857e-01,5.3427030411833987e-01,3.2211901181903624e-01
1.5811384702675424e+00,-2.5053443543397569e-01,2.7052482915942252e-02,1.6801160698838982e+00
-7.7471636224562157e-01,1.3176990240807857e-01,-7.6207866093854248e-01,1.7328837095456395e-01
1.7107403323207655e+00,-2.1155705918490910e+00,1.1757916632142609e+00,3.3531892609491915e-01
1.8038566839247605e+00,1.0417165068643377e+00,-1.7837043391579084e+00,-1.1185442510815464e+00
-4.8576283193396841e-01,-6.2357655563195657e-01,1.1904335582963099e+00,5.1708198772769587e-01
-1.0562280209025481e+00,3.7758227340519646e-02,-5.1986696582144276e-01,5.7397616539368079e-01
