"X0","X1","X2","X3"
-9.8514471385930424e-01,-9.9326872494602814e-01,1.3779784849778642e+00,-1.8536836892484865e+00
8.0842373147978441e-01,2.1663431462135052e+00,7.1715820929851948e-01,-1.0342293287400923e+00
3.2043932274778769e-01,-3.1257966635328310e-01,1.2620307468514795e+00,-1.2216566961738231e+00
-1.3354131306145997e-01,-2.7285092309073011e-01,-2.3963241175827581e-02,-5.3435390292657214e-01
2.8709265275737633e-01,1.6798057504423630e-01,7.7558303034220427e-02,-1.0444078786311524e+00
4.7271197515771363e-01,1.2037096019324882e+00,-2.0391323459545171e-01,-4.8700464079107220e-04
9.6739326202465475e-02,3.5312505639008090e-01,1.0201892743756831e+00,-9.9861706016609797e-01
7.8104081928595614e-01,-1.5142918252320728e-01,-3.5437819277251970e-01,1.8397798345558178e+00
1.5294511880083286e+00,1.3454886651978664e+00,-1.6705468526914407e+00,-4.4500087572003799e-01
-1.4266908364351178e+00,-2.2714293813347366e+00,-4.2959768561723127e-01,1.7242740275051562e+00
-8.6477661787315652e-01,-2.0072248306327181e+00,1.5965565429455362e+00,-6.6014894927317436e-01
-9.2883300530074597e-01,-2.0010775994899246e-01,-1.7001765925054659e+00,5.8829016501670228e-01
2.6383697568881548e-01,1.2198119663197982e+00,-1.5103064932262613e+00,3.8569289703052567e-02
9.7534251451516596e-01,-5.3588683034289386e-01,-3.9593132802834280e-01,-4.7813920495124629e-01
1.3395846824020152e+00,1.1046616282949793e+00,1.1464875866880395e+00,1.8640399036407185e-02
-3.9864915918085619e-01,-1.2462700635852149e+00,-6.6141459583799667e-01,-8.9236533521029748e-01
4.7747571352569068e-01,-1.9128206228156172e-01,2.6655657209592773e-02,-1.3451208057554074e+00
-8.8144740530778765e-01,1.3025217756726759e-01,-1.9758431299749282e+00,-1.0838117765857336e-01
1.7328840872443341e+00,2.6897987502987601e+00,4.2050559359963197e-01,1.7112230926856244e+00
7.6761277150176610e-01,4.8012500780495238e-01,-1.1886206740543226e+00,1.5623733871967080e+00
-2.6907889586436200e+00,-5.2601515027829149e-01,-6.4839519337527940e-01,1.0668982000115670e+00
1.5299772366764913e-01,5.4351297473320692e-01,9.1815117339789226e-02,7.8596061908781956e-01
-9.4139100798789865e-01,-3.6109124311016677e-01,1.2297285001028546e+00,-7.2636967406443409e-01
-6.9083850028377802e-01,-5.3859653729393858e-02,1.5578820232652271e+00,-8.5235440041758670e-01
4.9907808435609674e-01,4.5123517752339359e-02,6.2039458560939476e-01,-4.1895826524006252e-01
-4.3952903005885829e-01,-1.2644759255360014e+00,3.9979460079119455e-01,9.4532680434222294e-01
6.3804759821659496e-01,1.4219600726967757e-01,-2.1534669669672418e-02,1.4201029115340358e+00
-2.8462429658815225e-01,-8.4810428783449532e-01,2.2770788134657610e-01,-9.6690519661109664e-01
-1.1048203578450839e+00,-2.8471127069106117e-01,-6.3729840524717552e-03,-4.3923943040548957e-01
1.4543583336418133e+00,-4.3932009202753525e-01,3.9932974453759956e-01,-2.8358498047918568e-01
3.9293739389008620e-01,-4.9706212945371958e-01,-4.7157720374442685e-01,-6.0597368417572550e-01
-1.6909867383622128e+00,2.9090778105895854e-01,4.1436432691198294e-01,-7.0021133950274883e-01
-1.1579370582763524e+00,8.4448572569016367e-01,4.2241643764347991e-01,-7.8775450667895852e-01
-1.2757710652100229e+00,2.3910225887489478e-02,3.2229409441745588e-01,-7.3507879163737566e-01
-1.2970584584853873e+00,-4.9779339044092685e-01,-9.8411228922890215e-01,6.4717833925947743e-01
8.8821596355714005e-01,2.4489967028259523e+00,5.0627035828726130e-01,8.3672458925342563e-01
-1.9621413662066869e+00,1.2782416151157920e+00,6.8514428372460445e-01,4.7162152769349941e-01
-6.2272752945857790e-01,-2.2280505021883168e+00,5.9493867807544076e-01,-1.3697392671754699e-01
-1.5438910452224761e-01,4.7722960372053352e-01,1.2538041311648532e-01,1.8271559762631946e+00
1.6695642669884041e+00,-4.1345057040766520e-02,-4.7104654251598582e-01,1.6629734519417949e+00
5.6658260432755035e-02,-2.2438600838561414e-02,-1.1216207079736806e+00,4.8612153301908539e-01
1.5067825867194924e+00,1.4922196244147150e+00,8.6111017449807126e-01,-1.8252541118233762e-01
3.2043932274778769e-01,-3.1257966635328310e-01,1.2620307468514795e+00,-1.2216566961738231e+00
-3.8848712629037785e-01,-1.6457096006904028e+00,-6.6540334196922568e-01,-5.9870880384741798e-01
-1.6624657701679773e+00,-4.8246608603791175e-01,2.3187989182437845e-02,2.8523769214370998e-01
-1.5913251909310580e+00,-1.9495286769079745e-02,1.6614353958907431e+00,3.7446765897172835e-01
-7.2751876635159962e-01,-6.2571221059781301e-01,-3.6499379137181764e-02,1.5278254574746666e+00
2.3965578488106782e+00,8.9402709992119456e-01,-2.1969179642698462e+00,7.3787787277115147e-01
-2.4811872767975227e-01,8.6822428907770643e-01,-6.4582395522767599e-01,1.0797398381732157e+00
-1.9870793456064402e+00,8.6820900183374872e-01,7.6412853507790457e-01,-1.9240290789421013e+00
1.4595297735874597e+00,2.5873387841940809e-01,3.0903249591425443e+00,8.3060389208660668e-01
4.9635002790932448e-01,8.6876806284119013e-01,-1.7792995848301547e+00,-1.9733742640681846e+00
1.0799898963280927e+00,-2.3343944049672438e-02,-4.7488349539800018e-01,1.9095763658031473e+00
1.2392743069252055e+00,9.2411735978272780e-01,2.2102813551925227e-01,3.3563667731751817e-01
8.1587835170733236e-01,-3.4212718492517535e-01,5.6175774405445256e-01,4.8969789796209384e-01
-7.6025109605433405e-02,2.2879268479312795e+00,-2.8591311170201245e-01,7.3847112658025849e-02
1.5077616009537260e+00,4.9046572148056572e-01,1.0056482002274463e+00,8.9421578683464475e-01
-3.1031784012274688e-01,7.6890830290308465e-01,-1.0823830204117018e+00,8.6630481413969807e-01
-2.4413734165244536e-01,-2.5604645833451767e-01,-2.7719329178816685e+00,-3.1591153320412424e-01
5.7090572395647665e-01,-1.5378648409569748e-01,-1.1526640408791851e+00,-1.9860455326427345e-01
-1.9545305755860423e+00,-7.1448197404291525e-01,-5.6995747766941562e-01,2.6362311469086661e+00
1.1531100388883164e+00,1.8835002149910642e+00,-1.3716272568811900e-02,-1.2014032596685349e+00
2.1435087468834482e+00,1.7907533219627996e+00,-4.8278542110439943e-01,-6.8967121497767847e-02
2.5944922181970737e-01,2.4819479658895438e-01,1.5118354398801756e-01,-6.6230268733191511e-01
-2.4130809890036411e+00,-7.4354154018365759e-02,-9.8104688613808022e-01,-6.2930676778503913e-01
-1.5253929605605446e-01,1.4355919653160598e-01,7.3340864209746826e-01,5.3009830224420851e-04
7.2031674202491724e-01,8.2528800498218158e-01,-1.0656214089229594e+00,1.1120850998722993e+00
-2.5533550506804342e-01,-1.2738557897309859e+00,5.2564707749772500e-03,-1.1320750544431115e+00
5.5922608739077162e-01,6.5832381361641781e-02,4.3115179894665440e-01,2.4198845292247795e-01
-6.2484858937035281e-01,1.6479706704412151e+00,-1.9329644769315052e-01,1.1592145618591682e-01
-9.8303955250066388e-01,-1.1805688156824858e+00,7.1187681745707831e-01,-7.1171002812686246e-01
5.4396929911701343e-02,1.6547269159314519e+00,-1.7148700930988789e+00,1.1721270858435200e+00
1.8221499743476080e-01,8.2871309484197186e-01,-3.9993694019787335e-01,-4.3484450417239762e-01
6.9959118071380844e-01,-3.9352982257893715e-02,-4.9321778985799691e-01,1.4774915294709017e+00
-1.1587922608663469e-01,1.0818934987770243e+00,1.4841549350179326e-01,-5.5481113450913844e-01
-1.6349937191298693e+00,-1.1269263140194978e+00,-5.4009652012014064e-01,3.6900434759845946e-01
-5.8386526379479076e-01,-3.1291949034386235e-01,8.2037263673170023e-04,-1.7473022437916808e-01
1.4399472341956874e+00,3.7737441462642263e-01,-8.0204581068650849e-01,7.5389786324424335e-02
-9.8157920399854326e-01,-8.0290683007921881e-01,2.9261360307032530e-01,-2.9259528684580360e-01
-1.9580813946713569e+00,-9.4015554842279947e-01,1.0962118963196266e+00,1.7239485324485238e-01
-5.4480036037496760e-01,-4.8454823400444164e-01,1.7567889461602382e+00,2.1134155549169309e-01
1.6972492380134035e-01,1.2313797269494327e+00,5.0353836205982039e-01,-1.0367402472242626e+00
1.5485264787498804e-01,-1.5387524986468265e-01,-9.3915985176823402e-01,-1.3611052825973624e+00
3.6566075230190420e+00,1.3646076579178517e+00,-5.6655852241409577e-01,-9.7250472019364403e-02
-3.5441905208686952e-01,1.8099556286666942e+00,9.4547714701003566e-02,1.5892258380118574e+00
3.0637839168402964e-01,4.1719229947115577e-01,1.7715785520407348e+00,-1.7760881734956588e+00
1.2225508005075389e+00,2.0026168628849885e+00,-2.1954997847801838e-01,-1.1874752153681389e+00
9.0005402660157707e-01,-1.1148744505040455e+00,-4.1839751633074340e-01,1.3668670197740818e+00
-1.2873713217398564e-01,-8.1843487616636812e-01,-4.4636076246550443e-01,1.7165380469476483e+00
5.3424096692463019e-01,3.6431837016259988e-01,1.1602114037766122e+00,-2.1690605509572869e+00
-5.8482192579761993e-01,-1.0573274431418862e-01,1.6713788878048239e+00,-9.1682813502794935e-01
9.0040896524122049e-01,-1.6873162685403992e-01,-1.0142953812555296e-01,-6.6933615071141184e-01
-2.2657874519104007e+00,-1.1793422122329273e+00,6.1103094547398296e-01,-1.7263301315061750e+00
-9.7837115040161704e-01,-1.3907435377136396e-01,3.8363428561909746e-01,-2.4927829485502642e+00
1.5491840723784636e-01,2.1313786337623553e-01,-1.3459136131510665e+00,-5.2787393769460789e-02
-5.3157182641559897e-01,-8.4809933524255432e-01,4.1586599383019668e-01,-8.4816222980381484e-01
5.6481954042574434e-01,7.7907639731000478e-01,2.6951018399283939e-02,6.7624812507059051e-01
-1.5839064547730087e-02,1.5458031549202282e+00,8.6433701237971439e-01,-4.9923013486134238e-01
-1.0768824719546024e+00,8.8157217525362497e-01,-1.4757078861674713e+00,7.3027105050786056e-01
-3.4086862745051461e+00,-2.3997241790212964e+00,-6.7474732673924809e-01,2.2926319367884343e-01
4.4935726227417788e-01,-1.2239893403718114e+00,1.1304653713181326e-01,-6.9022848369058321e-01
-1.4241412378429139e+00,6.8941053650289741e-02,2.5078123851825673e-02,1.0198345763102501e+00
-2.4957495321792789e-01,-1.4561300522096712e+00,-5.8029331302483134e-01,7.7935670504739263e-01
1.0264901604919074e+00,1.1888147976301228e-01,1.1326719083626104e+00,-2.1887464794455469e-01
-4.7642869851149144e-01,-3.2873350027907855e-01,2.5993367711736878e-02,-2.9570422574222716e-01
1.1845406414856208e+00,3.2204040446260818e-01,1.9675996083257747e+00,7.3480053701816628e-01
9.8682216726732208e-01,-2.0186396480307245e+00,1.3671825583511350e+00,3.7285720138915251e-01
-2.5919946020284188e+00,-1.4911329946586214e+00,-1.4063726474936122e+00,4.5778256235501030e-01
-1.6759782997471614e-01,-5.6999313839099830e-01,1.6640462733459449e+00,-2.5071515612399398e-01
1.0300514297972636e+00,-1.5695699127186789e+00,4.4025684807960369e-01,1.3158756452671869e+00
1.3264485705982001e+00,-6.5265781540465273e-01,-1.1732865282466665e+00,5.1664815588058399e-01
-5.8400638736958621e-01,-5.3270372393558585e-01,-1.9950660348456297e-02,1.4605215229593074e-01
-1.6472922512965857e+00,-1.1418894155052812e+00,-1.7153138084655142e+00,3.4878930393332991e-01
5.9650846145245306e-01,1.7075536644139324e+00,-1.6313361102715809e+00,-8.5591008825575843e-01
-1.1760536145287921e+00,1.2523224921520233e+00,-1.2554527672755587e+00,7.5670357270701161e-01
-5.5322717560317003e-01,-5.5417514797703926e-01,1.6697929113824566e+00,-1.7944182946449163e+00
7.5308378106765117e-01,4.8506072678239281e-02,-5.1097662998544324e-01,-5.8995691452697629e-01
-6.2992584908478177e-01,-5.0537891772130761e-01,1.4180132009632107e+00,-1.4021142625953815e+00
-4.8325414847944692e-01,-2.2393184852373554e-01,1.7326969183636259e-01,-2.5218905842226358e-01
9.4102014223290531e-01,-9.3562935241949718e-01,1.4145483504048744e+00,-1.5104547823381259e-01
-6.5875841221485931e-01,9.1037757939624009e-01,-1.0173801867947767e+00,6.0081344413387439e-01
3.7927925020086306e-01,1.7108480636102683e-01,3.4170566603398073e-01,1.7170840210524914e+00
-2.2191553454534927e+00,-8.2447383423221832e-01,-1.5103455196295967e+00,6.0859822485154436e-01
-1.9023552526718621e-01,7.4705622754108014e-01,-2.8491771968395979e-01,-1.6963615849751943e+00
-3.8591329072334390e-01,-2.8851428197147655e-01,7.6044138391145477e-01,-3.4976372743762529e-02
1.5689104358923913e+00,1.8437909263400187e+00,-7.6077353414920590e-01,8.4065726794037077e-01
-1.1984308491676807e+00,3.1129030739261793e-01,-5.7179932917982301e-01,1.4832672413507358e-02
-1.1791796504046537e+00,-9.3567272049990591e-01,-1.1717048530177065e+00,6.5454098824862328e-01
-5.8846483198416577e-01,1.1741897387067504e+00,-2.9795034734306730e-01,1.4743702959107396e+00
-8.7448667770066257e-01,-1.5688055390340099e+00,-1.0737771578084945e+00,-1.0666829702913585e+00
-2.2938267865172799e+00,-1.9062761458968569e+00,-6.3802285300069383e-01,-5.5042001010971209e-01
-1.5092981069905311e+00,-1.0657939716319320e+00,6.5794443107209621e-01,-9.6528737134328954e-02
-1.9847201699270685e+00,-1.1601224254158449e-01,-7.1089735927920195e-01,6.1997213493045089e-01
-5.3808178565201636e-01,-1.2918370097624876e+00,2.2123172366526478e-01,4.5038191805404743e-01
-2.0555881696014304e+00,-2.2283263440588161e+00,3.7454490742526231e-01,5.1203302079543489e-01
-1.5540158523964251e+00,-8.8674704766475387e-01,9.9736529939457319e-01,-4.4341898814699676e-01
7.0459196280994763e-01,-7.9304184314679382e-01,-6.9131876790299418e-01,-1.9653445539484027e+00
6.0678565393235051e-01,-6.1886474494031479e-02,8.5686165632351208e-01,2.4980128807701163e-01
-1.2266558833759684e+00,4.0371741854070164e-02,-6.2572193948746380e-01,4.3117830415409064e-01
5.9109205932450981e-01,9.8410759902911604e-01,-8.7309256490745346e-01,1.8261506077988439e+00
2.4965771747445964e+00,9.0385771168136009e-01,-1.1891778933173056e-01,9.6729901520373807e-02
-1.1951028362752110e+00,-1.4169779537408862e+00,8.0987091916197285e-01,1.5541689307130766e+00
-7.1334667414448805e-01,-5.4639654444451946e-01,2.4760849335550397e-01,8.9118304878381405e-03
-1.2898517857838354e+00,-1.0272776544450348e+00,-3.4835420283462579e-02,-2.2266727683247906e-01
1.1263258215789977e+00,-4.7619616122968522e-01,1.0615559376150558e+00,-1.3009197530205063e+00
-1.3433579018210645e-01,-1.6347993344991412e+00,6.7021063353353494e-01,1.2508452622530500e-01
4.3768863693868026e-01,-3.7554323879896506e-01,-1.1304175099063487e+00,4.3967512682710236e-01
2.6363166316537288e+00,-3.0299935253702825e-01,-1.2681046495642618e+00,2.0669154208897837e+00
-3.4353001346309914e-01,2.1567394213391500e-01,1.9793756135315710e-01,7.2703468796244597e-01
-7.9633089996750361e-01,-1.7737566549609627e+00,3.3414185195204221e-01,-1.4792330177116633e+00
8.4575013525337206e-01,4.6515959230615733e-01,1.0401093263797874e-01,-2.0002961883645431e-02
-7.3328003513286932e-01,4.1436207784793555e-01,-2.8204831134921943e-01,-9.9407204304328312e-01
-1.1926945082944125e+00,6.0056530108430684e-01,9.2479305740374507e-01,-2.5244251234130131e+00
8.2691815896676912e-01,-1.6178373750213887e-02,-3.0426501648423071e-01,-5.1051772276674323e-01
-7.9633089996750361e-01,-1.7737566549609627e+00,3.3414185195204221e-01,-1.4792330177116633e+00
-1.4546996511669756e+00,-8.2548096988077102e-01,-7.9290439882110306e-02,4.3815035385932311e-01
4.7148445912796771e-01,6.7945232401459865e-01,-4.3240363270893739e-01,5.0886331863759526e-01
1.2943107897117505e+00,-1.1170386477269129e-01,1.7467474747158387e+00,2.5311920362920803e-01
1.0658383778155009e+00,2.7798833787983734e+00,6.9146507992519479e-01,-7.4394174827705761e-01
1.3159343102016202e-01,3.6135755745936754e-01,9.1798843733298274e-02,-4.2354221035032180e-01
1.6768001028880799e+00,1.9939704610549938e+00,-1.3184398731685867e+00,-6.6621984910976551e-01
1.3530212081813811e+00,-3.3351455434668925e-01,-1.2831246601291437e+00,1.0771675457186691e-01
-2.9145657298951272e-01,1.4032528582359967e+00,-2.2460238778756074e+00,5.1239028869545655e-01
5.2770831820242969e-01,1.8090760082764221e-01,2.3503773135729486e-01,2.4799394778082648e+00
-2.0932582499472080e-01,-3.6396459561053240e-01,1.0175179731188080e+00,1.4602158019634265e-01
-1.0894620913856241e+00,-8.3454732144513644e-01,1.4432440475513673e+00,1.0032528408951260e+00
-1.2807977857919486e+00,-6.1355219341723755e-01,-1.0024551782669102e+00,3.2256004030330754e-01
-1.4139377657134671e+00,-1.9601701441754377e-01,5.6364194456149452e-01,-1.4399630029976125e+00
-2.2069362603310472e-01,-2.3997230759830326e+00,-2.7730456381887997e-02,6.0247503172985972e-01
-5.1241793959160131e-01,-8.4121354540751883e-02,-1.9677314743334309e-01,-6.9505993311460157e-01
-8.1610053121317838e-01,-1.0378794775718332e+00,-4.5656118021015057e-01,-4.6726798222831462e-02
1.6167040398461392e+00,7.0377106530100175e-01,-3.2172597735649494e-01,1.1293372492486409e+00
-1.6792255988489310e-01,1.3567043647885282e+00,-7.1732368275739677e-01,-6.4098248236242239e-01
1.6167486055985820e+00,7.7840788558835161e-01,1.0180378235379508e+00,9.1219888800555138e-01
2.5054396160265929e-01,1.0674411200907348e+00,-5.5373279393224084e-01,-5.4439412608660975e-01
-1.4588313890115661e+00,-9.2051811133740968e-01,-4.0745865577409263e-01,-6.3248649014949465e-01
-3.9515750912890285e-01,1.9200619964085011e+00,5.1952472625341672e-01,-4.1355153745940609e-01
-1.1585530258131993e-01,3.1502503995680581e-01,-8.3840512883383256e-01,7.7215550159586366e-01
1.1603113262198874e+00,8.3752700046958806e-01,2.0021960224966945e-01,1.1731195357680417e+00
1.5683401136206667e-02,5.0694431261016137e-01,-1.8575568227541239e+00,-1.6538141479508863e+00
1.7790451643619068e-01,6.9294231874218171e-01,-6.0251037703055343e-01,1.7013423820470179e+00
-3.2557372836310611e-01,-5.0732173293793192e-01,-2.0639490306287991e-01,-8.6949331081120307e-01
-6.9372378525402534e-01,-3.3393032660672939e-01,7.8374960518721459e-01,1.2005404916802529e+00
-7.4281309412812446e-01,-9.8935252135665408e-01,-3.5351817527683582e-01,1.3039250485925182e+00
-8.2332637259167274e-01,-9.5390692733048010e-01,3.2412793436418569e-01,2.0546884319892578e+00
-1.0595726999943904e+00,-6.5135496248034075e-01,-1.1657269265213850e+00,8.2134333772391066e-01
-7.7634953310983390e-01,-1.0104397734880388e+00,2.3494540151331264e-01,-3.2659171140328291e-01
-1.6868299426523026e+00,-3.8827444032055536e+00,-3.0034935361613491e-01,1.4305399592058208e+00
-3.0522922655325863e-01,-1.5243287573266191e+00,1.0306698020259968e+00,-1.4038566506973102e-01
-8.2324276548763287e-01,-1.2672868112372555e+00,1.9285320943966604e-02,-2.3430800286025438e-02
3.5791549749387919e-01,3.2760028594554280e-01,1.5873772407557213e-01,-6.9266607674100256e-01
4.1957303070036853e-02,9.8599638981339954e-01,-9.2310749926409430e-01,-1.3711362425544009e+00
5.2416251575080251e-02,-5.6138676180291280e-01,3.0094251099243713e-01,9.4195063553970365e-02
-1.1120168284027274e+00,-2.9826446258358938e+00,4.0025690444365858e-01,-1.2886809800926378e+00
-6.9760442644139886e-01,-1.2712248114436779e+00,3.0277688094710248e-01,-2.8070965946196091e-01
-7.9150085334748110e-01,-3.1316007542140467e-01,-1.1364141601057007e+00,-8.1604629698424858e-01
9.0005402660157707e-01,-1.1148744505040455e+00,-4.1839751633074340e-01,1.3668670197740818e+00
6.7877382090813856e-02,-9.7296958942337003e-02,6.5404616385970976e-02,-8.4305989669555728e-02
2.7374136036205571e-01,4.3931734290328556e-01,-2.0603025014947378e+00,1.4118747904098059e+00
-2.0227405663786380e+00,-2.3765125722011629e+00,2.9335934974335504e-01,3.8505017906660211e-01
4.1057070442692728e-01,5.7949927217411035e-01,8.9914328741056065e-02,-1.2692979099207813e-01
6.6425787320217311e-01,5.0659105821967398e-01,8.6237845466761845e-02,-2.2305572236204568e-01
1.3563263384851447e+00,2.5373639387379354e-02,-1.2708234950460771e+00,2.5517714936588178e+00
-2.1386144098554555e-01,8.1018761687028415e-02,2.1396625133820943e-01,1.0773594191779887e+00
1.2761811575839370e+00,-2.8289405251090325e+00,4.9471089387323458e-01,-1.5697704669524659e+00
-1.8251717830944338e+00,-1.3441277687504098e+00,-3.6207177852760486e-01,3.5364485464660794e-01
-1.5565240323076206e+00,-7.0667532722058457e-01,1.5862559402620555e+00,-7.9565506627241123e-01
9.4988123076134268e-01,7.2681355078652432e-01,1.4664651039818555e+00,-9.3992661637343033e-01
9.5504944306948093e-03,-1.3487241422752614e+00,-4.3346267243867759e-01,-5.6080736631977168e-01
-1.5438910452224761e-01,4.7722960372053352e-01,1.2538041311648532e-01,1.8271559762631946e+00
-2.1753964404255286e+00,-1.0110789858076208e+00,-1.2630691768205571e+00,4.1680336980935229e-01
-1.7473472982779625e-01,7.6714047322206685e-02,1.1842916458898280e+00,9.4708755731007510e-02
-4.6095476986032774e-01,1.1305504422012473e+00,-8.5080489756841471e-01,-9.9928519586694053e-01
-3.1923754915448771e-01,2.9812066034733553e-01,-1.8461596786555337e-01,1.2403260101939200e+00
8.8270821939238497e-01,9.1510308780885286e-01,1.3257209797583265e+00,-2.8104576565347630e+00
5.6895067784014985e-01,1.5202420020045571e+00,3.2748594079189336e-01,-5.5601544905647082e-01
7.6317078594491650e-01,-5.4521264790144142e-01,1.0643769604448249e-01,-2.2917527104392949e-02
-7.8177707003477392e-01,-7.4223443144308110e-01,1.7052327375667015e-01,-2.3938491168763604e-01
5.5977345744838414e-01,4.2891471618329513e-01,-5.9548015925219533e-01,1.2542099683816892e+00
-1.6481172453122754e+00,-3.1687193151911952e-01,-2.4293843837920930e+00,2.8744837115533162e-01
2.4952135105944181e-01,-1.0439422660544000e+00,-6.0679317160111867e-01,4.5652941766473087e-01
-9.2554976476897133e-01,-2.1107463727144284e+00,1.7282126212538584e+00,6.4767977025831136e-01
-6.1047947432047822e-01,-7.6940663285417654e-01,-1.8613030412044438e+00,1.5436986785583366e+00
-1.1708179003593275e+00,-3.8633385017508098e-01,-1.7788960723001033e+00,5.1665657249716057e-02
5.1204954104576628e-01,-1.0902709373510466e+00,-1.5182125022298933e+00,-6.3169354422088775e-01
1.1500553699079190e-01,5.7573134468916898e-01,-1.3958588667826219e+00,-2.3482139870977176e-01
6.4879352578022131e-01,-1.8217311471506792e-01,-8.1111596568521616e-01,-7.8639461186834070e-03
-1.0922881791819512e+00,-2.1919971230741050e-01,-6.7818068573079837e-01,5.1431689981796513e-01
-1.6980138887142796e-01,-1.2384150212777159e+00,-3.1281356468475074e-01,5.6469058607460521e-01
-1.5289141996036879e-01,7.7120728173393494e-01,1.0483237873712816e+00,-1.0651092956161270e+00
-1.2541244932146511e+00,-9.3453895883473159e-01,-1.1201808232689152e+00,-1.1605333913776716e-03
-7.0576479251486823e-01,-6.3558240673083288e-01,3.1133914895187859e-01,-1.0017236328672539e+00
9.8437853919872720e-01,2.6455510563766715e-02,6.1421222904110961e-01,4.5240801482763748e-01
9.2527729183465635e-02,6.8185002516557802e-01,-5.9767878421612353e-01,9.5752044302806172e-01
4.9907808435609674e-01,4.5123517752339359e-02,6.2039458560939476e-01,-4.1895826524006252e-01
-1.5349204128347567e-02,-9.1951765464317070e-01,-1.0004536989218469e+00,1.3977195089497660e+00
1.4085890867639941e-01,1.1121970851810148e+00,-3.8312528094946197e-01,4.9257237809429627e-01
1.2615777827680643e+00,-7.9768119251101277e-02,-7.5739460754736576e-01,-1.2336256973579851e-01
1.1263258215789977e+00,-4.7619616122968522e-01,1.0615559376150558e+00,-1.3009197530205063e+00
-3.8045726946123870e-01,3.7575837556401576e-01,-2.7892970539387707e-01,3.9645048900529339e-01
-3.9515750912890285e-01,1.9200619964085011e+00,5.1952472625341672e-01,-4.1355153745940609e-01
1.4878691679090836e+00,-5.1694708744823048e-01,1.0625037542100921e+00,4.2691349139942819e-01
1.4126506124247060e+00,-1.5849556766557307e+00,-5.1091846565685099e-02,-4.3434684076111418e-01
1.0406800192685100e-03,-6.7338838860949701e-01,-3.7022790436749761e-02,-4.9764120693240305e-01
1.5294511880083286e+00,1.3454886651978664e+00,-1.6705468526914407e+00,-4.4500087572003799e-01
-8.5602844532643285e-01,2.0209380912685813e+00,-2.2979195361564089e+00,1.0680046825092946e+00
1.2292852967081342e+00,1.7877695911365119e+00,-1.2701699939662312e+00,1.6586747531864205e+00
1.3115825994579509e+00,1.2652926857895930e+00,-8.1575624588078910e-01,2.7451931155637204e+00
-1.8632303433351205e+00,-8.0373632805019546e-01,-1.0296146436962876e+00,6.0474361335172366e-01
-2.8858442640979498e-01,-4.6620276297645463e-01,-5.3029280747636486e-02,5.0965929016183631e-02
-4.1113562714742630e-01,1.5339068565557596e+00,-2.6135613425261295e+00,2.6522317282770314e-01
-5.3408935039318484e-01,9.0996337354655887e-01,-8.2254280009397884e-01,-8.1078363379709084e-02
1.1114413490016388e+00,-5.1200869742827715e-01,1.0268316376432047e+00,-1.5944034801545994e+00
-3.3301030251208236e-01,-1.8853521836683412e-01,5.7289481385855523e-01,4.3434876874472161e-01
1.4362961020911778e+00,6.6115017247695018e-01,-5.8580901740739832e-01,1.4365991893797334e+00
-8.3231555189433970e-01,-2.1286859225953542e-01,1.6511472343184126e+00,-1.3407323982744246e-03
-1.3198317144439049e+00,-6.7162072214658197e-03,-1.0277851964907823e+00,1.3584525975752439e+00
-6.0605398736374427e-01,6.2364967970409557e-01,-1.9450494842192231e-01,3.1684269193426867e-01
-2.3463913535893616e-01,4.0123837417153840e-01,-7.1714955402145619e-02,7.8997523457237956e-02
2.9321759124691621e-01,8.9113301125624322e-02,1.2320139150524092e+00,1.0326551140164031e+00
-2.2933094611119773e+00,-1.3993544137269660e+00,-7.5409943475453767e-01,-3.6855971163574752e-02
-1.7574561037659604e+00,1.6577654578836902e+00,-2.8030721802006209e+00,1.0102385416208570e+00
3.5809651620591115e-01,5.9998508930907080e-01,9.6432649509040214e-01,4.0015404406959565e-01
